358.20773; 1713
359.91287; 1668
361.6156; 1679
363.3222; 1528
365.02432; 1526
366.72614; 1484
368.42969; 1430
370.13086; 1493
371.83588; 1480
373.53641; 1495
375.23871; 1507
376.93863; 1474
378.64032; 1468
380.34167; 1512
382.04065; 1540
383.74139; 1485
385.43973; 1511
387.13986; 1535
388.83963; 1571
390.53705; 1610
392.23621; 1684
393.93301; 1727
395.63153; 1819
397.32977; 1887
399.0256; 1868
400.72321; 1896
402.41843; 1887
404.11539; 1857
405.81; 1871
407.50635; 1851
409.20236; 1848
410.89603; 1778
412.59143; 1766
414.28445; 1681
415.97717; 1652
417.67166; 1587
419.36374; 1571
421.05759; 1577
422.75113; 1529
424.44437; 1527
426.13519; 1460
427.82574; 1451
429.51804; 1457
431.20795; 1477
432.8996; 1443
434.5889; 1454
436.27994; 1455
437.96863; 1417
439.65698; 1499
441.34708; 1468
443.03687; 1504
444.72635; 1512
446.41348; 1571
448.10028; 1575
449.78885; 1700
451.47504; 1713
453.16296; 1773
454.84854; 1853
456.53583; 2054
458.22079; 2142
459.90543; 2519
461.5918; 3224
463.27582; 4039
464.96158; 4932
466.64499; 5382
468.33014; 5411
470.01291; 4966
471.69537; 4323
473.37958; 3620
475.06143; 2900
476.74503; 2479
478.42627; 2203
480.10925; 2012
481.78986; 1889
483.47018; 1821
485.15018; 1776
486.82986; 1650
488.51129; 1661
490.19037; 1586
491.87119; 1597
493.54965; 1588
495.22781; 1515
496.90771; 1526
498.58524; 1541
500.2645; 1530
501.94144; 1483
503.62009; 1520
505.29639; 1489
506.97238; 1481
508.6481; 1475
510.32349; 1443
512.00061; 1460
513.67535; 1466
515.35187; 1416
517.026; 1489
518.69989; 1463
520.37341; 1424
522.04663; 1415
523.72162; 1387
525.39423; 1401
527.0686; 1416
528.7406; 1403
530.41437; 1391
532.08374; 1410
533.75482; 1430
535.42761; 1419
537.09814; 1419
538.77032; 1362
540.43817; 1447
542.10974; 1393
543.77905; 1384
545.45001; 1400
547.11865; 1441
548.78497; 1483
550.45502; 1533
552.1228; 1563
553.79224; 1553
555.45935; 1569
557.12616; 1549
558.79272; 1472
560.46094; 1505
562.12683; 1497
563.79041; 1480
565.45776; 1497
567.12274; 1444
568.78943; 1491
570.45178; 1541
572.11792; 1558
573.78168; 1538
575.44513; 1474
577.10834; 1442
578.77118; 1388
580.43579; 1325
582.09601; 1337
583.76001; 1325
585.42163; 1300
587.08301; 1308
588.74402; 1330
590.4068; 1327
592.06519; 1361
593.72534; 1351
595.38721; 1311
597.04675; 1319
598.70593; 1317
600.36487; 1268
602.0235; 1288
603.68182; 1262
605.34186; 1230
606.99756; 1234
608.65497; 1272
610.31409; 1226
611.96887; 1262
613.62738; 1267
615.28363; 1254
616.93951; 1252
618.59509; 1256
620.25043; 1244
621.9054; 1264
623.56213; 1269
625.21454; 1246
626.86859; 1274
628.5224; 1263
630.1759; 1280
631.83112; 1250
633.48199; 1254
635.1366; 1234
636.78687; 1244
638.44086; 1289
640.09052; 1245
641.7439; 1227
643.39301; 1243
645.04376; 1240
646.69629; 1252
648.34448; 1268
649.99634; 1240
651.64392; 1253
653.29523; 1266
654.9422; 1235
656.5929; 1264
658.23926; 1255
659.88934; 1215
661.53516; 1236
663.18463; 1257
664.82983; 1253
666.47675; 1262
668.12329; 1237
669.76959; 1275
671.41559; 1297
673.06128; 1337
674.70667; 1356
676.34979; 1422
677.99658; 1439
679.63904; 1605
681.28528; 1606
682.92719; 1710
684.57275; 1665
686.21405; 1619
687.85712; 1543
689.49982; 1472
691.1402; 1426
692.7843; 1398
694.42413; 1378
696.06763; 1329
697.70685; 1324
699.34979; 1312
700.9884; 1339
702.62872; 1261
704.2688; 1302
705.90851; 1245
707.54596; 1288
709.18707; 1264
710.82391; 1277
712.46246; 1255
714.10071; 1273
715.73669; 1260
717.37634; 1305
719.01166; 1296
720.64874; 1279
722.28552; 1273
723.922; 1298
725.55615; 1296
727.19403; 1235
728.82764; 1303
730.46289; 1324
732.0979; 1335
733.7326; 1422
735.36499; 1533
737.0011; 1697
738.63287; 2100
740.26642; 2571
741.89764; 2913
743.53052; 2985
745.16315; 2833
746.79352; 2485
748.42755; 2148
750.05725; 1858
751.68872; 1641
753.31787; 1446
754.95074; 1386
756.57928; 1370
758.20953; 1329
759.83752; 1351
761.46918; 1337
763.09662; 1323
764.72571; 1315
766.35248; 1314
767.98096; 1304
769.60919; 1295
771.23712; 1265
772.86273; 1278
774.49005; 1281
776.11707; 1295
777.74384; 1257
779.36829; 1284
780.99445; 1275
782.61829; 1364
784.24384; 1320
785.86914; 1346
787.49213; 1344
789.11682; 1413
790.7392; 1446
792.36328; 1454
793.98511; 1466
795.6106; 1464
797.23187; 1519
798.8548; 1459
800.4754; 1530
802.09778; 1531
803.71783; 1599
805.3396; 1629
806.95911; 1607
808.58221; 1621
810.20111; 1503
811.82172; 1501
813.44006; 1479
815.06006; 1400
816.6778; 1340
818.29718; 1340
819.91437; 1339
821.5332; 1310
823.14978; 1298
824.76801; 1320
826.38599; 1310
828.00366; 1273
829.61908; 1283
831.23615; 1259
832.85095; 1279
834.46747; 1268
836.08173; 1264
837.69763; 1244
839.31134; 1293
840.92664; 1224
842.53973; 1255
844.15454; 1255
845.76703; 1246
847.38123; 1255
848.9931; 1259
850.60675; 1225
852.21808; 1220
853.83112; 1200
855.44189; 1206
857.05432; 1227
858.66449; 1189
860.27637; 1234
861.88599; 1249
863.49725; 1276
865.10632; 1303
866.71698; 1255
868.32544; 1298
869.93365; 1304
871.54346; 1344
873.15106; 1368
874.75836; 1397
876.36731; 1376
877.97406; 1403
879.58246; 1391
881.1886; 1379
882.79639; 1416
884.40198; 1419
886.00922; 1355
887.6142; 1363
889.22089; 1344
890.82532; 1317
892.42944; 1236
894.03326; 1214
895.63879; 1242
897.24207; 1211
898.84698; 1182
900.44971; 1212
902.05408; 1222
903.65424; 1196
905.258; 1166
906.85956; 1181
908.46277; 1170
910.06378; 1172
911.66638; 1178
913.26483; 1152
914.86688; 1179
916.46674; 1202
918.06824; 1192
919.66748; 1181
921.26843; 1206
922.86511; 1199
924.46545; 1205
926.0636; 1188
927.66339; 1174
929.26093; 1194
930.85815; 1186
932.45514; 1211
934.05377; 1200
935.65015; 1200
937.24628; 1171
938.8421; 1192
940.43958; 1208
942.03485; 1248
943.62982; 1220
945.22449; 1208
946.8208; 1250
948.41492; 1250
950.00879; 1262
951.60229; 1265
953.19751; 1266
954.78857; 1230
956.38318; 1255
957.97559; 1258
959.56964; 1288
961.15955; 1214
962.75305; 1262
964.3443; 1204
965.9353; 1175
967.52795; 1201
969.11835; 1201
970.7085; 1169
972.29834; 1196
973.88983; 1149
975.47717; 1159
977.06812; 1183
978.65686; 1154
980.2453; 1163
981.83344; 1183
983.42322; 1185
985.00891; 1172
986.59814; 1177
988.18323; 1186
989.77185; 1183
991.35834; 1194
992.94452; 1192
994.5304; 1218
996.11597; 1224
997.70129; 1260
999.28827; 1243
1000.8711; 1244
1002.4575; 1246
1004.0417; 1247
1005.6256; 1246
1007.2092; 1243
1008.7926; 1234
1010.3776; 1262
1011.9584; 1229
1013.5428; 1254
1015.1232; 1239
1016.707; 1219
1018.2867; 1223
1019.8701; 1223
1021.4492; 1213
1023.032; 1193
1024.6106; 1250
1026.1927; 1234
1027.7708; 1209
1029.3524; 1222
1030.9298; 1198
1032.5109; 1187
1034.0897; 1171
1035.6683; 1193
1037.2466; 1185
1038.8246; 1188
1040.4023; 1157
1041.9797; 1176
1043.5569; 1137
1045.1338; 1172
1046.7104; 1113
1048.2867; 1142
1049.8628; 1135
1051.4386; 1105
1053.014; 1148
1054.5873; 1145
1056.1642; 1181
1057.7388; 1120
1059.3131; 1148
1060.8872; 1141
1062.4591; 1135
1064.0345; 1177
1065.606; 1202
1067.1808; 1216
1068.7516; 1267
1070.324; 1243
1071.8961; 1223
1073.4679; 1201
1075.0396; 1199
1076.6108; 1196
1078.1819; 1213
1079.7526; 1180
1081.323; 1170
1082.8912; 1163
1084.4631; 1119
1086.0308; 1163
1087.6002; 1148
1089.1692; 1141
1090.738; 1148
1092.3046; 1100
1093.8748; 1138
1095.4408; 1132
1097.0084; 1163
1098.5778; 1161
1100.1429; 1139
1101.7098; 1102
1103.2764; 1161
1104.8427; 1167
1106.4069; 1164
1107.9725; 1200
1109.538; 1199
1111.1031; 1183
1112.6661; 1224
1114.2308; 1232
1115.7971; 1211
1117.3593; 1195
1118.923; 1170
1120.4846; 1190
1122.0498; 1224
1123.6108; 1199
1125.1736; 1222
1126.734; 1241
1128.2981; 1280
1129.858; 1309
1131.4197; 1348
1132.981; 1423
1134.54; 1420
1136.1028; 1462
1137.6614; 1458
1139.2216; 1524
1140.7795; 1486
1142.3392; 1452
1143.8986; 1403
1145.4578; 1348
1147.0166; 1372
1148.5732; 1291
1150.1315; 1258
1151.6876; 1238
1153.2472; 1245
1154.8027; 1224
1156.36; 1232
1157.9149; 1272
1159.4716; 1284
1161.028; 1253
1162.5822; 1293
1164.1379; 1285
1165.6935; 1231
1167.2488; 1229
1168.8018; 1200
1170.3566; 1161
1171.9091; 1201
1173.4633; 1172
1175.0171; 1190
1176.5688; 1175
1178.1222; 1211
1179.6733; 1181
1181.2261; 1203
1182.7787; 1177
1184.3309; 1196
1185.881; 1197
1187.4326; 1176
1188.9841; 1183
1190.5333; 1196
1192.0842; 1140
1193.6329; 1211
1195.1832; 1177
1196.7314; 1267
1198.2813; 1175
1199.8289; 1183
1201.3781; 1170
1202.927; 1165
1204.4739; 1190
1206.0223; 1160
1207.5686; 1196
1209.1165; 1179
1210.6621; 1172
1212.2095; 1171
1213.7566; 1165
1215.3014; 1192
1216.848; 1159
1218.3923; 1165
1219.9384; 1179
1221.4822; 1180
1223.0276; 1197
1224.5708; 1184
1226.1138; 1244
1227.6584; 1205
1229.2009; 1218
1230.745; 1293
1232.2869; 1280
1233.8304; 1343
1235.3737; 1379
1236.9148; 1510
1238.4575; 1549
1239.998; 1694
1241.5383; 1825
1243.0784; 1891
1244.62; 1834
1246.1614; 1698
1247.7006; 1554
1249.2415; 1417
1250.7802; 1294
1252.3204; 1246
1253.8567; 1169
1255.3964; 1174
1256.9358; 1154
1258.4731; 1126
1260.0121; 1120
1261.5488; 1142
1263.0854; 1123
1264.6217; 1106
1266.1595; 1114
1267.6971; 1122
1269.2325; 1080
1270.7695; 1089
1272.3026; 1085
1273.8391; 1089
1275.3734; 1057
1276.9094; 1065
1278.4432; 1082
1279.9768; 1050
1281.512; 1054
1283.0449; 1081
1284.5796; 1081
1286.1121; 1083
1287.6443; 1076
1289.1781; 1094
1290.7098; 1094
1292.2412; 1089
1293.7723; 1096
1295.3051; 1115
1296.8357; 1148
1298.366; 1138
1299.8979; 1140
1301.4277; 1133
1302.9573; 1149
1304.4884; 1169
1306.0175; 1148
1307.5461; 1158
1309.0746; 1161
1310.6047; 1149
1312.1307; 1158
1313.6603; 1167
1315.1896; 1166
1316.7148; 1159
1318.2435; 1217
1319.7701; 1205
1321.2965; 1208
1322.8243; 1250
1324.3502; 1224
1325.8757; 1257
1327.401; 1286
1328.9279; 1280
1330.4525; 1295
1331.9771; 1318
1333.5012; 1297
1335.0251; 1306
1336.5507; 1315
1338.0721; 1290
1339.5972; 1247
1341.1201; 1229
1342.6427; 1250
1344.1669; 1244
1345.687; 1257
1347.2107; 1275
1348.7323; 1244
1350.2535; 1233
1351.7745; 1232
1353.2953; 1243
1354.8176; 1216
1356.3379; 1224
1357.8578; 1193
1359.3774; 1217
1360.8969; 1166
1362.416; 1203
1363.9368; 1144
1365.4535; 1119
1366.9738; 1178
1368.49; 1114
1370.0096; 1126
1371.5272; 1096
1373.0446; 1120
1374.5616; 1098
1376.0784; 1089
1377.5948; 1104
1379.1129; 1082
1380.6271; 1099
1382.1447; 1096
1383.6582; 1094
1385.1735; 1085
1386.6902; 1103
1388.203; 1098
1389.7192; 1118
1391.2316; 1103
1392.7473; 1087
1394.2609; 1106
1395.7743; 1111
1397.2874; 1114
1398.7983; 1120
1400.3127; 1132
1401.825; 1163
1403.337; 1101
1404.8488; 1140
1406.3584; 1131
1407.8715; 1148
1409.3824; 1128
1410.8932; 1114
1412.4037; 1106
1413.912; 1087
1415.4238; 1099
1416.9335; 1093
1418.441; 1098
1419.952; 1117
1421.459; 1136
1422.9677; 1131
1424.4778; 1115
1425.9841; 1122
1427.4919; 1143
1428.9995; 1169
1430.5068; 1167
1432.0138; 1179
1433.5206; 1190
1435.0271; 1176
1436.5334; 1195
1438.0376; 1202
1439.5452; 1219
1441.0488; 1295
1442.554; 1333
1444.0608; 1366
1445.5636; 1400
1447.0681; 1447
1448.5723; 1453
1450.0762; 1538
1451.5798; 1567
1453.0814; 1573
1454.5845; 1570
1456.0892; 1624
1457.59; 1560
1459.0923; 1567
1460.5925; 1563
1462.0944; 1516
1463.5978; 1485
1465.0973; 1448
1466.5984; 1438
1468.0991; 1436
1469.5978; 1410
1471.1; 1408
1472.5981; 1396
1474.0979; 1324
1475.5973; 1291
1477.0947; 1320
1478.5956; 1290
1480.0924; 1271
1481.5908; 1207
1483.0891; 1226
1484.5852; 1226
1486.0829; 1174
1487.5802; 1175
1489.0774; 1189
1490.5743; 1169
1492.0691; 1164
1493.5656; 1131
1495.0616; 1110
1496.5557; 1110
1498.0513; 1111
1499.5466; 1086
1501.0399; 1042
1502.5365; 1067
1504.0293; 1087
1505.5236; 1046
1507.0176; 1060
1508.5096; 1054
1510.0032; 1046
1511.4965; 1031
1512.9875; 1047
1514.4803; 1054
1515.9711; 1028
1517.4633; 1061
1518.9553; 1030
1520.4452; 1010
1521.9366; 1049
1523.4279; 1037
1524.917; 1023
1526.4077; 1033
1527.8982; 1001
1529.3866; 1023
1530.8765; 1019
1532.3644; 993
1533.8538; 1028
1535.3429; 1021
1536.83; 1055
1538.3186; 1031
1539.807; 1019
1541.2933; 986
1542.7813; 1036
1544.2688; 1019
1545.7544; 1039
1547.2415; 1033
1548.7266; 1057
1550.2131; 1063
1551.6995; 1036
1553.1837; 1040
1554.6696; 1065
1556.1552; 1039
1557.6387; 1045
1559.1219; 1018
1560.6067; 1053
1562.0895; 1055
1563.5737; 1078
1565.0559; 1025
1566.5398; 1026
1568.0233; 1068
1569.5048; 1065
1570.9878; 1065
1572.4688; 1100
1573.9493; 1108
1575.4316; 1137
1576.9136; 1145
1578.3936; 1144
1579.875; 1172
1581.3545; 1180
1582.8336; 1188
1584.3143; 1240
1585.793; 1207
1587.2732; 1203
1588.7532; 1222
1590.2292; 1184
1591.7087; 1130
1593.1879; 1137
1594.665; 1097
1596.1438; 1111
1597.6204; 1049
1599.0968; 1074
1600.5747; 1033
1602.0524; 1040
1603.528; 1041
1605.0033; 1027
1606.4784; 1055
1607.9551; 1044
1609.4315; 1046
1610.9041; 1022
1612.3799; 1035
1613.8556; 1025
1615.3274; 1022
1616.8025; 1006
1618.2773; 1024
1619.7502; 1034
1621.2228; 1027
1622.6969; 1002
1624.1689; 1051
1625.6407; 1027
1627.1141; 1016
1628.5854; 1048
1630.0565; 993
1631.5292; 1008
1632.9998; 1041
1634.47; 1031
1635.9419; 1025
1637.4116; 1014
1638.8812; 1026
1640.3523; 999
1641.8213; 1026
1643.2902; 1007
1644.7587; 999
1646.2288; 1021
1647.6968; 995
1649.1646; 996
1650.6339; 1014
1652.1012; 989
1653.5682; 1024
1655.035; 989
1656.5034; 1005
1657.9679; 1012
1659.4357; 989
1660.9032; 1003
1662.3669; 1029
1663.8341; 999
1665.2991; 997
1666.7639; 1010
1668.2284; 1006
1669.6945; 1005
1671.1584; 988
1672.6222; 1005
1674.0875; 1036
1675.5491; 997
1677.0139; 1002
1678.4767; 981
1679.9392; 993
1681.4015; 994
1682.8652; 1005
1684.3252; 1000
1685.7886; 977
1687.2498; 999
1688.7108; 1006
1690.1716; 1009
1691.6339; 988
1693.0924; 1000
1694.5542; 1012
1696.014; 984
1697.4735; 989
1698.9329; 995
1700.3918; 984
1701.8506; 997
1703.3092; 991
1704.7693; 997
1706.2255; 972
1707.6851; 994
1709.1426; 989
1710.5981; 985
1712.0569; 981
1713.5137; 1001
1714.9702; 987
1716.4265; 989
1717.8844; 982
1719.3384; 988
1720.7939; 1012
1722.251; 967
1723.7043; 996
1725.1591; 987
1726.6155; 952
1728.0697; 993
1729.522; 978
1730.9777; 967
1732.4312; 992
1733.8827; 986
1735.3375; 984
1736.7904; 979
1738.2412; 1026
1739.6953; 985
1741.1473; 1013
1742.5974; 968
1744.0508; 987
1745.5022; 991
1746.9514; 972
1748.4041; 968
1749.8546; 1005
1751.3032; 987
1752.7534; 1008
1754.205; 998
1755.6528; 984
1757.1022; 1008
1758.5513; 996
1760.0002; 981
1761.4489; 997
1762.8972; 990
1764.3453; 991
1765.7932; 970
1767.2408; 974
1768.6882; 991
1770.1337; 999
1771.5823; 986
1773.0289; 1010
1774.4736; 999
1775.9198; 993
1777.3657; 961
1778.8114; 963
1780.2568; 983
1781.7019; 966
1783.1451; 1012
1784.5898; 968
1786.0343; 1021
1787.4802; 1016
1788.9225; 968
1790.3661; 976
1791.8096; 1029
1793.2511; 976
1794.6941; 1009
1796.1367; 993
1797.5792; 968
1799.0215; 973
1800.4635; 971
1801.9034; 1005
1803.345; 966
1804.7863; 982
1806.2273; 998
1807.6663; 1017
1809.1068; 990
1810.5471; 1006
1811.9872; 993
1813.427; 999
1814.8665; 993
1816.3041; 982
1817.7432; 994
1819.1819; 1008
1820.6205; 1006
1822.0571; 992
1823.4952; 976
1824.933; 1001
1826.3689; 983
1827.8063; 987
1829.2434; 998
1830.6785; 993
1832.1151; 983
1833.5515; 984
1834.9877; 988
1836.4218; 1010
1837.8574; 981
1839.2928; 991
1840.7263; 989
1842.1611; 1003
1843.5958; 983
1845.0286; 1010
1846.4628; 1003
1847.8967; 1009
1849.3304; 1014
1850.7622; 993
1852.1954; 994
1853.6284; 1009
1855.0593; 1016
1856.4901; 997
1857.9224; 986
1859.3544; 1006
1860.7844; 989
1862.2159; 993
1863.6472; 1007
1865.0765; 1005
1866.5073; 972
1867.938; 990
1869.3666; 994
1870.7948; 994
1872.2247; 993
1873.6543; 1002
1875.0819; 998
1876.511; 994
1877.9399; 989
1879.3668; 986
1880.7935; 1003
1882.2216; 1001
1883.6495; 1008
1885.0754; 971
1886.5029; 976
1887.9283; 997
1889.3535; 992
1890.7803; 977
1892.2067; 976
1893.6329; 987
1895.0554; 1002
1896.4812; 1008
1897.9067; 1000
1899.3302; 989
1900.7552; 981
1902.1783; 997
1903.6028; 979
1905.0254; 999
1906.4495; 991
1907.8716; 976
1909.2935; 996
1910.7168; 978
1912.1399; 979
1913.561; 988
1914.9818; 962
1916.4043; 953
1917.8247; 978
1919.2466; 981
1920.6665; 973
1922.0879; 1009
1923.5073; 984
1924.9266; 994
1926.3473; 1012
1927.766; 1030
1929.1863; 991
1930.6045; 1013
1932.0226; 973
1933.442; 990
1934.8596; 971
1936.277; 981
1937.6957; 1003
1939.1143; 991
1940.5292; 1007
1941.9473; 989
1943.3633; 983
1944.781; 986
1946.1965; 973
1947.6119; 1001
1949.0289; 975
1950.442; 959
1951.8585; 988
1953.2747; 973
1954.6888; 1003
1956.1029; 981
1957.5166; 976
1958.9318; 991
1960.3451; 989
1961.7581; 1000
1963.1726; 993
1964.5852; 985
1965.9974; 969
1967.4095; 978
1968.8231; 991
1970.2347; 979
1971.6461; 1015
1973.0573; 975
1974.4698; 981
1975.8805; 993
1977.2909; 973
1978.701; 1020
1980.1128; 1006
1981.5225; 997
1982.9319; 983
1984.3412; 973
1985.7518; 952
1987.1606; 1000
1988.5692; 962
1989.9774; 974
1991.3872; 995
1992.7933; 980
1994.2009; 999
1995.61; 974
1997.0171; 978
1998.424; 971
1999.8306; 986
2001.2388; 986
2002.6449; 987
2004.0491; 998
2005.4565; 968
2006.8619; 995
2008.2689; 963
2009.6722; 991
2011.0769; 970
2012.4832; 1009
2013.8875; 996
2015.2915; 972
2016.6953; 979
2018.0989; 1003
2019.504; 984
2020.9054; 970
2022.3082; 996
2023.7126; 983
2025.115; 978
2026.5155; 991
2027.9191; 988
2029.3208; 971
2030.7223; 1003
2032.1235; 981
2033.5245; 998
2034.9253; 988
2036.3258; 971
2037.7261; 986
2039.1262; 988
2040.526; 993
2041.9274; 993
2043.325; 976
2044.7241; 1003
2046.1229; 987
2047.5233; 1003
2048.9202; 973
2050.3184; 1005
2051.7163; 993
2053.1157; 980
2054.5115; 976
2055.9087; 976
2057.3057; 966
2058.7026; 962
2060.0991; 993
2061.4954; 966
2062.8916; 989
2064.2874; 988
2065.6814; 978
2067.0784; 984
2068.4736; 976
2069.8684; 994
2071.2615; 995
2072.656; 977
2074.05; 968
2075.4458; 983
2076.8379; 978
2078.2314; 1014
2079.6248; 1013
2081.0178; 988
2082.4106; 984
2083.8015; 960
2085.1938; 955
2086.5879; 982
2087.9797; 990
2089.3696; 1006
2090.7612; 980
2092.1523; 967
2093.5435; 1002
2094.9324; 990
2096.323; 976
2097.7131; 1003
2099.1033; 981
2100.4915; 984
2101.8809; 991
2103.272; 1005
2104.6611; 969
2106.0483; 989
2107.437; 979
2108.8254; 996
2110.2136; 994
2111.6016; 1002
2112.9878; 987
2114.3752; 1001
2115.7625; 1014
2117.1497; 992
2118.5347; 998
2119.9214; 1017
2121.3076; 1011
2122.6938; 1000
2124.0779; 1005
2125.4636; 977
2126.8491; 980
2128.2344; 1000
2129.6194; 980
2131.0007; 977
2132.3853; 988
2133.7695; 982
2135.1536; 1025
2136.5356; 996
2137.9192; 989
2139.3027; 1021
2140.6858; 1010
2142.0686; 984
2143.4497; 1012
2144.832; 1012
2146.2144; 976
2147.5947; 988
2148.9746; 1005
2150.3562; 1006
2151.7375; 1000
2153.1187; 999
2154.4995; 1019
2155.8784; 1038
2157.2588; 1003
2158.6372; 992
2160.0173; 998
2161.3953; 1014
2162.7747; 1031
2164.1541; 1013
2165.533; 1003
2166.9102; 987
2168.2869; 1014
2169.6653; 1019
2171.0435; 1020
2172.4211; 1004
2173.7971; 1016
2175.1729; 1036
2176.55; 1000
2177.927; 1041
2179.3022; 1028
2180.677; 1016
2182.0532; 1020
2183.4292; 1001
2184.8035; 1016
2186.179; 1030
2187.5527; 997
2188.928; 1005
2190.301; 1029
2191.6758; 1004
2193.0503; 1007
2194.4229; 1035
2195.7952; 997
2197.1689; 1022
2198.5425; 1036
2199.9141; 1019
2201.2854; 1003
2202.6584; 1007
2204.0293; 1016
2205.4016; 1033
2206.7722; 1009
2208.1426; 1059
2209.5142; 1043
2210.8857; 1048
2212.2554; 1013
2213.6248; 1035
2214.9956; 1021
2216.3645; 1029
2217.7349; 1002
2219.105; 1027
2220.4714; 1027
2221.8413; 1030
2223.209; 1030
2224.5784; 1055
2225.9473; 1048
2227.3127; 990
2228.6814; 1023
2230.0479; 1041
2231.416; 1040
2232.7839; 1025
2234.1482; 1048
2235.5156; 1032
2236.8811; 1046
2238.2483; 1051
2239.6133; 1004
2240.978; 1042
2242.3428; 1020
2243.709; 1039
2245.073; 987
2246.4387; 1043
2247.8008; 1030
2249.166; 1038
2250.5293; 1040
2251.894; 1050
2253.2568; 1031
2254.6194; 1056
2255.9817; 1028
2257.3457; 1028
2258.7075; 1023
2260.0708; 1013
2261.4307; 1057
2262.7937; 1030
2264.1548; 1033
2265.5171; 1030
2266.8777; 1015
2268.238; 1038
2269.5984; 1036
2270.9583; 1056
2272.3196; 1061
2273.679; 1036
2275.04; 1045
2276.3972; 1023
2277.7561; 1042
2279.1165; 1052
2280.4746; 1031
2281.8345; 1032
2283.1907; 1001
2284.5483; 1051
2285.9075; 1049
2287.2649; 1035
2288.6218; 1026
2289.9785; 1056
2291.3352; 1053
2292.6931; 1071
2294.0493; 1022
2295.4053; 1042
2296.7625; 1036
2298.1162; 1032
2299.4714; 1034
2300.8267; 1059
2302.1831; 1013
2303.5376; 1015
2304.8901; 1023
2306.2461; 1026
2307.5999; 1036
2308.9536; 992
2310.3086; 1034
2311.6619; 1026
2313.0132; 1045
2314.366; 993
2315.7202; 1036
2317.0725; 1040
2318.4248; 1015
2319.7749; 1049
2321.1284; 1026
2322.4797; 1025
2323.8311; 1024
2325.1819; 1016
2326.5327; 1022
2327.8833; 1058
2329.2336; 1033
2330.5837; 1028
2331.9338; 1028
2333.2834; 1005
2334.6345; 992
2335.9822; 1007
2337.3311; 1016
2338.6799; 1007
2340.0286; 1026
2341.377; 998
2342.7249; 1017
2344.0728; 1019
2345.4207; 1022
2346.7681; 1020
2348.1152; 1012
2349.4624; 995
2350.8091; 1021
2352.1558; 1040
2353.502; 995
2354.8481; 1004
2356.1941; 1012
2357.5398; 1009
2358.8838; 1034
2360.229; 1018
2361.574; 1027
2362.9187; 1031
2364.2634; 1023
2365.6079; 1023
2366.9519; 1014
2368.2959; 1016
2369.6396; 978
2370.9832; 1017
2372.3264; 975
2373.6694; 1025
2375.0107; 1033
2376.3533; 1008
2377.6958; 1013
2379.0378; 999
2380.3799; 1017
2381.7217; 1001
2383.0615; 991
2384.4028; 1008
2385.7439; 1002
2387.0847; 980
2388.4255; 992
2389.7659; 980
2391.106; 974
2392.4443; 1002
2393.7842; 985
2395.1221; 988
2396.4614; 976
2397.8005; 972
2399.1394; 1003
2400.4766; 963
2401.8149; 999
2403.1533; 994
2404.4912; 980
2405.8291; 978
2407.1667; 982
2408.5024; 960
2409.8396; 1000
2411.1748; 990
2412.5115; 993
2413.8481; 1004
2415.1843; 966
2416.5205; 969
2417.8547; 981
2419.1902; 961
2420.5256; 966
2421.8591; 963
2423.1941; 967
2424.5291; 994
2425.8635; 967
2427.1963; 926
2428.5286; 974
2429.8625; 927
2431.1963; 935
2432.5298; 942
2433.8628; 948
2435.1943; 937
2436.5254; 950
2437.8582; 950
2439.1904; 916
2440.5225; 932
2441.8528; 954
2443.1846; 903
2444.5144; 939
2445.8457; 913
2447.175; 898
2448.5061; 940
2449.8367; 918
2451.167; 927
2452.4956; 933
2453.824; 915
2455.1538; 892
2456.4817; 916
2457.811; 869
2459.1401; 896
2460.469; 911
2461.7961; 916
2463.123; 892
2464.4512; 881
2465.7776; 893
2467.1055; 885
2468.4331; 873
2469.7588; 871
2471.0859; 864
2472.4128; 886
2473.7363; 897
2475.063; 888
2476.3877; 881
2477.7139; 899
2479.0396; 871
2480.3638; 891
2481.6892; 894
2483.0112; 880
2484.3362; 888
2485.6609; 889
2486.9839; 898
2488.3083; 866
2489.6309; 910
2490.9548; 911
2492.2769; 909
2493.5989; 936
2494.9221; 914
2496.2437; 925
2497.5664; 909
2498.8875; 934
2500.21; 937
2501.5305; 931
2502.8508; 930
2504.1711; 926
2505.4927; 936
2506.8125; 935
2508.1335; 948
2509.4529; 962
2510.7737; 944
2512.0925; 937
2513.4111; 945
2514.7297; 946
2516.0496; 955
2517.3677; 958
2518.687; 955
2520.0046; 971
2521.3237; 936
2522.6409; 976
2523.9578; 949
2525.2747; 962
2526.5913; 990
2527.9092; 958
2529.2253; 955
2530.5427; 956
2531.8584; 981
2533.1741; 993
2534.4893; 987
2535.8042; 998
2537.1208; 969
2538.4353; 968
2539.7498; 999
2541.0657; 952
2542.3796; 978
2543.6934; 998
2545.0085; 972
2546.3203; 1035
2547.6335; 985
2548.948; 969
2550.2607; 977
2551.5732; 974
2552.8872; 979
2554.1992; 978
2555.5112; 1008
2556.8245; 980
2558.1343; 981
2559.4456; 974
2560.7581; 993
2562.0688; 983
2563.3796; 986
2564.6899; 1024
2566.0017; 991
2567.3118; 999
2568.6213; 987
2569.9294; 977
2571.2402; 1017
2572.5493; 991
2573.8584; 1029
2575.167; 1027
2576.4771; 1007
2577.7854; 977
2579.0935; 984
2580.4014; 1015
2581.7073; 997
2583.0164; 977
2584.3237; 1004
2585.6306; 1015
2586.9375; 990
2588.2439; 986
2589.552; 1042
2590.8582; 1013
2592.1641; 988
2593.47; 996
2594.7739; 993
2596.0791; 1016
2597.3843; 989
2598.6907; 986
2599.9954; 1006
2601.3; 1029
2602.6042; 985
2603.9082; 998
2605.2122; 1017
2606.5159; 1045
2607.8176; 1023
2609.1208; 992
2610.4255; 1026
2611.7283; 1015
2613.0308; 1016
2614.3333; 1050
2615.6355; 1028
2616.9373; 1031
2618.239; 1004
2619.5408; 1018
2620.8403; 1023
2622.1416; 1068
2623.4424; 1014
2624.7432; 1026
2626.0437; 1034
2627.344; 1053
2628.644; 1064
2629.9438; 1023
2631.2437; 1022
2632.543; 1023
2633.8408; 1052
2635.1396; 1040
2636.4385; 1079
2637.7373; 1058
2639.0356; 1024
2640.3337; 1083
2641.6318; 1068
2642.9297; 1036
2644.2271; 1082
2645.5247; 1069
2646.8218; 1124
2648.1169; 1097
2649.4138; 1104
2650.7087; 1110
2652.0051; 1128
2653.3013; 1135
2654.5972; 1149
2655.8928; 1150
2657.1882; 1168
2658.4836; 1197
2659.7786; 1228
2661.0735; 1230
2662.3667; 1225
2663.6594; 1250
2664.9539; 1324
2666.2478; 1358
2667.5415; 1389
2668.8352; 1433
2670.1287; 1450
2671.4202; 1499
2672.7134; 1522
2674.0061; 1511
2675.2986; 1563
2676.5911; 1599
2677.8833; 1630
2679.1736; 1608
2680.4639; 1667
2681.7554; 1642
2683.0466; 1644
2684.3362; 1661
2685.6272; 1578
2686.918; 1599
2688.2085; 1600
2689.4971; 1534
2690.7874; 1519
2692.0771; 1464
2693.3669; 1430
2694.6548; 1422
2695.9441; 1336
2697.2314; 1345
2698.5205; 1300
2699.8074; 1305
2701.0959; 1282
2702.3843; 1248
2703.6707; 1242
2704.9585; 1213
2706.2461; 1213
2707.5334; 1183
2708.8191; 1157
2710.1062; 1155
2711.3931; 1176
2712.678; 1137
2713.9629; 1134
2715.2476; 1127
2716.5334; 1114
2717.8191; 1105
2719.1033; 1116
2720.3887; 1127
2721.6738; 1098
2722.957; 1080
2724.2419; 1100
2725.5249; 1165
2726.8091; 1107
2728.0933; 1119
2729.3757; 1110
2730.6594; 1097
2731.9414; 1084
2733.2246; 1099
2734.5061; 1109
2735.7876; 1142
2737.0703; 1103
2738.3511; 1122
2739.6335; 1139
2740.9141; 1105
2742.1958; 1114
2743.4758; 1121
2744.7573; 1117
2746.0371; 1109
2747.3181; 1084
2748.5974; 1149
2749.8782; 1118
2751.157; 1115
2752.4373; 1116
2753.7158; 1154
2754.9939; 1130
2756.272; 1132
2757.5515; 1136
2758.8291; 1123
2760.1082; 1118
2761.3855; 1141
2762.6641; 1144
2763.9409; 1105
2765.2175; 1135
2766.4956; 1143
2767.7717; 1118
2769.0493; 1129
2770.3252; 1133
2771.6023; 1114
2772.8777; 1122
2774.1531; 1114
2775.4297; 1114
2776.7043; 1100
2777.9805; 1136
2779.2534; 1108
2780.5276; 1125
2781.8032; 1108
2783.0769; 1127
2784.3506; 1112
2785.6255; 1104
2786.8987; 1100
2788.1716; 1134
