358.20773; 1697
359.91287; 1646
361.6156; 1597
363.3222; 1524
365.02432; 1541
366.72614; 1490
368.42969; 1462
370.13086; 1482
371.83588; 1474
373.53641; 1494
375.23871; 1502
376.93863; 1465
378.64032; 1490
380.34167; 1451
382.04065; 1487
383.74139; 1500
385.43973; 1516
387.13986; 1509
388.83963; 1517
390.53705; 1588
392.23621; 1673
393.93301; 1775
395.63153; 1783
397.32977; 1868
399.0256; 1892
400.72321; 1854
402.41843; 1859
404.11539; 1816
405.81; 1823
407.50635; 1844
409.20236; 1866
410.89603; 1786
412.59143; 1768
414.28445; 1718
415.97717; 1620
417.67166; 1543
419.36374; 1527
421.05759; 1538
422.75113; 1500
424.44437; 1497
426.13519; 1483
427.82574; 1425
429.51804; 1441
431.20795; 1422
432.8996; 1447
434.5889; 1445
436.27994; 1430
437.96863; 1408
439.65698; 1452
441.34708; 1455
443.03687; 1490
444.72635; 1525
446.41348; 1540
448.10028; 1573
449.78885; 1687
451.47504; 1664
453.16296; 1741
454.84854; 1829
456.53583; 1980
458.22079; 2116
459.90543; 2471
461.5918; 3134
463.27582; 3972
464.96158; 4840
466.64499; 5387
468.33014; 5327
470.01291; 4978
471.69537; 4360
473.37958; 3566
475.06143; 2984
476.74503; 2520
478.42627; 2198
480.10925; 2030
481.78986; 1895
483.47018; 1795
485.15018; 1731
486.82986; 1655
488.51129; 1637
490.19037; 1593
491.87119; 1584
493.54965; 1538
495.22781; 1539
496.90771; 1486
498.58524; 1501
500.2645; 1509
501.94144; 1519
503.62009; 1507
505.29639; 1473
506.97238; 1418
508.6481; 1460
510.32349; 1438
512.00061; 1470
513.67535; 1478
515.35187; 1402
517.026; 1439
518.69989; 1439
520.37341; 1405
522.04663; 1391
523.72162; 1409
525.39423; 1398
527.0686; 1377
528.7406; 1380
530.41437; 1367
532.08374; 1412
533.75482; 1411
535.42761; 1388
537.09814; 1414
538.77032; 1416
540.43817; 1403
542.10974; 1394
543.77905; 1323
545.45001; 1386
547.11865; 1416
548.78497; 1472
550.45502; 1509
552.1228; 1539
553.79224; 1565
555.45935; 1540
557.12616; 1512
558.79272; 1499
560.46094; 1494
562.12683; 1482
563.79041; 1446
565.45776; 1462
567.12274; 1434
568.78943; 1465
570.45178; 1494
572.11792; 1502
573.78168; 1485
575.44513; 1471
577.10834; 1389
578.77118; 1373
580.43579; 1306
582.09601; 1313
583.76001; 1345
585.42163; 1288
587.08301; 1282
588.74402; 1279
590.4068; 1334
592.06519; 1339
593.72534; 1316
595.38721; 1316
597.04675; 1290
598.70593; 1285
600.36487; 1293
602.0235; 1272
603.68182; 1260
605.34186; 1270
606.99756; 1251
608.65497; 1228
610.31409; 1260
611.96887; 1268
613.62738; 1216
615.28363; 1207
616.93951; 1214
618.59509; 1245
620.25043; 1230
621.9054; 1251
623.56213; 1246
625.21454; 1250
626.86859; 1248
628.5224; 1219
630.1759; 1279
631.83112; 1243
633.48199; 1215
635.1366; 1256
636.78687; 1235
638.44086; 1230
640.09052; 1241
641.7439; 1223
643.39301; 1217
645.04376; 1213
646.69629; 1223
648.34448; 1207
649.99634; 1220
651.64392; 1261
653.29523; 1263
654.9422; 1219
656.5929; 1254
658.23926; 1201
659.88934; 1237
661.53516; 1207
663.18463; 1230
664.82983; 1273
666.47675; 1218
668.12329; 1272
669.76959; 1250
671.41559; 1247
673.06128; 1257
674.70667; 1385
676.34979; 1378
677.99658; 1457
679.63904; 1600
681.28528; 1606
682.92719; 1666
684.57275; 1710
686.21405; 1591
687.85712; 1575
689.49982; 1469
691.1402; 1426
692.7843; 1394
694.42413; 1328
696.06763; 1338
697.70685; 1332
699.34979; 1323
700.9884; 1285
702.62872; 1274
704.2688; 1283
705.90851; 1287
707.54596; 1267
709.18707; 1248
710.82391; 1273
712.46246; 1259
714.10071; 1261
715.73669; 1271
717.37634; 1287
719.01166; 1299
720.64874; 1309
722.28552; 1279
723.922; 1275
725.55615; 1273
727.19403; 1310
728.82764; 1301
730.46289; 1303
732.0979; 1327
733.7326; 1381
735.36499; 1500
737.0011; 1648
738.63287; 2005
740.26642; 2501
741.89764; 2861
743.53052; 3009
745.16315; 2789
746.79352; 2577
748.42755; 2175
750.05725; 1839
751.68872; 1587
753.31787; 1471
754.95074; 1400
756.57928; 1325
758.20953; 1337
759.83752; 1330
761.46918; 1320
763.09662; 1302
764.72571; 1279
766.35248; 1324
767.98096; 1304
769.60919; 1277
771.23712; 1246
772.86273; 1262
774.49005; 1248
776.11707; 1312
777.74384; 1237
779.36829; 1291
780.99445; 1322
782.61829; 1303
784.24384; 1307
785.86914; 1343
787.49213; 1348
789.11682; 1392
790.7392; 1424
792.36328; 1423
793.98511; 1427
795.6106; 1483
797.23187; 1479
798.8548; 1458
800.4754; 1492
802.09778; 1569
803.71783; 1559
805.3396; 1591
806.95911; 1601
808.58221; 1579
810.20111; 1544
811.82172; 1465
813.44006; 1447
815.06006; 1357
816.6778; 1328
818.29718; 1293
819.91437; 1340
821.5332; 1288
823.14978; 1281
824.76801; 1276
826.38599; 1242
828.00366; 1256
829.61908; 1258
831.23615; 1244
832.85095; 1241
834.46747; 1250
836.08173; 1272
837.69763; 1242
839.31134; 1243
840.92664; 1283
842.53973; 1251
844.15454; 1260
845.76703; 1240
847.38123; 1223
848.9931; 1220
850.60675; 1217
852.21808; 1200
853.83112; 1222
855.44189; 1185
857.05432; 1220
858.66449; 1231
860.27637; 1201
861.88599; 1222
863.49725; 1228
865.10632; 1298
866.71698; 1285
868.32544; 1287
869.93365; 1329
871.54346; 1321
873.15106; 1365
874.75836; 1333
876.36731; 1320
877.97406; 1360
879.58246; 1393
881.1886; 1387
882.79639; 1384
884.40198; 1379
886.00922; 1408
887.6142; 1359
889.22089; 1317
890.82532; 1277
892.42944; 1232
894.03326; 1227
895.63879; 1214
897.24207; 1187
898.84698; 1191
900.44971; 1174
902.05408; 1168
903.65424; 1170
905.258; 1183
906.85956; 1178
908.46277; 1190
910.06378; 1179
911.66638; 1177
913.26483; 1179
914.86688; 1153
916.46674; 1178
918.06824; 1194
919.66748; 1138
921.26843; 1165
922.86511; 1213
924.46545; 1168
926.0636; 1161
927.66339; 1154
929.26093; 1179
930.85815; 1191
932.45514; 1186
934.05377; 1146
935.65015; 1157
937.24628; 1194
938.8421; 1168
940.43958; 1190
942.03485; 1222
943.62982; 1197
945.22449; 1198
946.8208; 1228
948.41492; 1225
950.00879; 1221
951.60229; 1246
953.19751; 1234
954.78857; 1274
956.38318; 1254
957.97559; 1212
959.56964; 1250
961.15955; 1283
962.75305; 1182
964.3443; 1193
965.9353; 1207
967.52795; 1136
969.11835; 1166
970.7085; 1156
972.29834; 1129
973.88983; 1116
975.47717; 1174
977.06812; 1161
978.65686; 1176
980.2453; 1173
981.83344; 1170
983.42322; 1156
985.00891; 1177
986.59814; 1149
988.18323; 1159
989.77185; 1165
991.35834; 1155
992.94452; 1208
994.5304; 1194
996.11597; 1172
997.70129; 1203
999.28827; 1231
1000.8711; 1236
1002.4575; 1226
1004.0417; 1242
1005.6256; 1237
1007.2092; 1233
1008.7926; 1239
1010.3776; 1233
1011.9584; 1197
1013.5428; 1245
1015.1232; 1267
1016.707; 1222
1018.2867; 1203
1019.8701; 1230
1021.4492; 1211
1023.032; 1214
1024.6106; 1224
1026.1927; 1266
1027.7708; 1180
1029.3524; 1199
1030.9298; 1230
1032.5109; 1200
1034.0897; 1182
1035.6683; 1159
1037.2466; 1177
1038.8246; 1146
1040.4023; 1136
1041.9797; 1142
1043.5569; 1133
1045.1338; 1154
1046.7104; 1099
1048.2867; 1152
1049.8628; 1127
1051.4386; 1124
1053.014; 1104
1054.5873; 1153
1056.1642; 1165
1057.7388; 1087
1059.3131; 1128
1060.8872; 1109
1062.4591; 1135
1064.0345; 1178
1065.606; 1197
1067.1808; 1191
1068.7516; 1185
1070.324; 1227
1071.8961; 1219
1073.4679; 1225
1075.0396; 1224
1076.6108; 1184
1078.1819; 1242
1079.7526; 1153
1081.323; 1180
1082.8912; 1161
1084.4631; 1150
1086.0308; 1157
1087.6002; 1129
1089.1692; 1118
1090.738; 1101
1092.3046; 1111
1093.8748; 1123
1095.4408; 1123
1097.0084; 1132
1098.5778; 1129
1100.1429; 1120
1101.7098; 1127
1103.2764; 1155
1104.8427; 1135
1106.4069; 1144
1107.9725; 1167
1109.538; 1172
1111.1031; 1163
1112.6661; 1172
1114.2308; 1179
1115.7971; 1166
1117.3593; 1171
1118.923; 1201
1120.4846; 1193
1122.0498; 1218
1123.6108; 1164
1125.1736; 1208
1126.734; 1263
1128.2981; 1255
1129.858; 1288
1131.4197; 1382
1132.981; 1350
1134.54; 1453
1136.1028; 1464
1137.6614; 1458
1139.2216; 1468
1140.7795; 1431
1142.3392; 1434
1143.8986; 1375
1145.4578; 1337
1147.0166; 1324
1148.5732; 1264
1150.1315; 1292
1151.6876; 1224
1153.2472; 1224
1154.8027; 1194
1156.36; 1241
1157.9149; 1243
1159.4716; 1265
1161.028; 1255
1162.5822; 1271
1164.1379; 1263
1165.6935; 1256
1167.2488; 1223
1168.8018; 1214
1170.3566; 1170
1171.9091; 1166
1173.4633; 1170
1175.0171; 1181
1176.5688; 1187
1178.1222; 1150
1179.6733; 1148
1181.2261; 1170
1182.7787; 1156
1184.3309; 1162
1185.881; 1186
1187.4326; 1143
1188.9841; 1138
1190.5333; 1160
1192.0842; 1169
1193.6329; 1156
1195.1832; 1190
1196.7314; 1288
1198.2813; 1149
1199.8289; 1193
1201.3781; 1166
1202.927; 1169
1204.4739; 1173
1206.0223; 1163
1207.5686; 1212
1209.1165; 1180
1210.6621; 1177
1212.2095; 1157
1213.7566; 1186
1215.3014; 1162
1216.848; 1173
1218.3923; 1205
1219.9384; 1162
1221.4822; 1160
1223.0276; 1164
1224.5708; 1198
1226.1138; 1239
1227.6584; 1233
1229.2009; 1207
1230.745; 1282
1232.2869; 1268
1233.8304; 1317
1235.3737; 1345
1236.9148; 1433
1238.4575; 1548
1239.998; 1709
1241.5383; 1804
1243.0784; 1909
1244.62; 1803
1246.1614; 1722
1247.7006; 1548
1249.2415; 1388
1250.7802; 1289
1252.3204; 1188
1253.8567; 1207
1255.3964; 1139
1256.9358; 1137
1258.4731; 1119
1260.0121; 1090
1261.5488; 1127
1263.0854; 1126
1264.6217; 1097
1266.1595; 1083
1267.6971; 1094
1269.2325; 1091
1270.7695; 1092
1272.3026; 1059
1273.8391; 1080
1275.3734; 1071
1276.9094; 1057
1278.4432; 1069
1279.9768; 1078
1281.512; 1074
1283.0449; 1057
1284.5796; 1046
1286.1121; 1067
1287.6443; 1089
1289.1781; 1067
1290.7098; 1064
1292.2412; 1087
1293.7723; 1052
1295.3051; 1093
1296.8357; 1125
1298.366; 1119
1299.8979; 1145
1301.4277; 1146
1302.9573; 1143
1304.4884; 1122
1306.0175; 1134
1307.5461; 1119
1309.0746; 1130
1310.6047; 1136
1312.1307; 1169
1313.6603; 1129
1315.1896; 1122
1316.7148; 1183
1318.2435; 1167
1319.7701; 1182
1321.2965; 1193
1322.8243; 1216
1324.3502; 1253
1325.8757; 1244
1327.401; 1271
1328.9279; 1284
1330.4525; 1312
1331.9771; 1302
1333.5012; 1305
1335.0251; 1302
1336.5507; 1244
1338.0721; 1237
1339.5972; 1244
1341.1201; 1182
1342.6427; 1236
1344.1669; 1242
1345.687; 1201
1347.2107; 1202
1348.7323; 1221
1350.2535; 1233
1351.7745; 1227
1353.2953; 1192
1354.8176; 1241
1356.3379; 1218
1357.8578; 1209
1359.3774; 1174
1360.8969; 1184
1362.416; 1168
1363.9368; 1120
1365.4535; 1115
1366.9738; 1125
1368.49; 1120
1370.0096; 1065
1371.5272; 1098
1373.0446; 1078
1374.5616; 1090
1376.0784; 1087
1377.5948; 1059
1379.1129; 1085
1380.6271; 1089
1382.1447; 1064
1383.6582; 1107
1385.1735; 1108
1386.6902; 1094
1388.203; 1068
1389.7192; 1072
1391.2316; 1075
1392.7473; 1077
1394.2609; 1089
1395.7743; 1071
1397.2874; 1107
1398.7983; 1102
1400.3127; 1131
1401.825; 1145
1403.337; 1125
1404.8488; 1119
1406.3584; 1104
1407.8715; 1090
1409.3824; 1122
1410.8932; 1092
1412.4037; 1102
1413.912; 1091
1415.4238; 1073
1416.9335; 1108
1418.441; 1086
1419.952; 1092
1421.459; 1099
1422.9677; 1098
1424.4778; 1114
1425.9841; 1116
1427.4919; 1132
1428.9995; 1125
1430.5068; 1139
1432.0138; 1149
1433.5206; 1156
1435.0271; 1165
1436.5334; 1190
1438.0376; 1176
1439.5452; 1216
1441.0488; 1245
1442.554; 1308
1444.0608; 1328
1445.5636; 1376
1447.0681; 1442
1448.5723; 1423
1450.0762; 1479
1451.5798; 1530
1453.0814; 1535
1454.5845; 1583
1456.0892; 1561
1457.59; 1559
1459.0923; 1553
1460.5925; 1544
1462.0944; 1466
1463.5978; 1483
1465.0973; 1431
1466.5984; 1429
1468.0991; 1420
1469.5978; 1398
1471.1; 1361
1472.5981; 1354
1474.0979; 1338
1475.5973; 1307
1477.0947; 1255
1478.5956; 1278
1480.0924; 1268
1481.5908; 1240
1483.0891; 1219
1484.5852; 1195
1486.0829; 1186
1487.5802; 1180
1489.0774; 1144
1490.5743; 1143
1492.0691; 1167
1493.5656; 1153
1495.0616; 1076
1496.5557; 1084
1498.0513; 1033
1499.5466; 1103
1501.0399; 1058
1502.5365; 1070
1504.0293; 1030
1505.5236; 1042
1507.0176; 1032
1508.5096; 1025
1510.0032; 1029
1511.4965; 1030
1512.9875; 1022
1514.4803; 1031
1515.9711; 1026
1517.4633; 1016
1518.9553; 1008
1520.4452; 1014
1521.9366; 1037
1523.4279; 1004
1524.917; 1017
1526.4077; 1000
1527.8982; 1011
1529.3866; 1035
1530.8765; 1008
1532.3644; 1016
1533.8538; 1026
1535.3429; 986
1536.83; 1023
1538.3186; 1016
1539.807; 992
1541.2933; 1005
1542.7813; 988
1544.2688; 1012
1545.7544; 1009
1547.2415; 1049
1548.7266; 992
1550.2131; 1010
1551.6995; 1020
1553.1837; 1021
1554.6696; 1050
1556.1552; 1009
1557.6387; 1012
1559.1219; 990
1560.6067; 1027
1562.0895; 1015
1563.5737; 1018
1565.0559; 1015
1566.5398; 1038
1568.0233; 1033
1569.5048; 1027
1570.9878; 1042
1572.4688; 1025
1573.9493; 1027
1575.4316; 1030
1576.9136; 1016
1578.3936; 1070
1579.875; 1055
1581.3545; 1099
1582.8336; 1054
1584.3143; 1095
1585.793; 1120
1587.2732; 1169
1588.7532; 1276
1590.2292; 1293
1591.7087; 1360
1593.1879; 1348
1594.665; 1275
1596.1438; 1204
1597.6204; 1160
1599.0968; 1120
1600.5747; 1065
1602.0524; 1047
1603.528; 1035
1605.0033; 1024
1606.4784; 1000
1607.9551; 1018
1609.4315; 1011
1610.9041; 991
1612.3799; 993
1613.8556; 1004
1615.3274; 1026
1616.8025; 1018
1618.2773; 1024
1619.7502; 1015
1621.2228; 1013
1622.6969; 1018
1624.1689; 1033
1625.6407; 1011
1627.1141; 1003
1628.5854; 1018
1630.0565; 1005
1631.5292; 1005
1632.9998; 1004
1634.47; 958
1635.9419; 1001
1637.4116; 987
1638.8812; 982
1640.3523; 1020
1641.8213; 997
1643.2902; 1001
1644.7587; 977
1646.2288; 985
1647.6968; 974
1649.1646; 982
1650.6339; 985
1652.1012; 973
1653.5682; 975
1655.035; 983
1656.5034; 1004
1657.9679; 1006
1659.4357; 997
1660.9032; 975
1662.3669; 986
1663.8341; 975
1665.2991; 981
1666.7639; 976
1668.2284; 977
1669.6945; 991
1671.1584; 968
1672.6222; 967
1674.0875; 988
1675.5491; 994
1677.0139; 1006
1678.4767; 995
1679.9392; 982
1681.4015; 995
1682.8652; 975
1684.3252; 977
1685.7886; 982
1687.2498; 1003
1688.7108; 996
1690.1716; 987
1691.6339; 971
1693.0924; 980
1694.5542; 974
1696.014; 959
1697.4735; 988
1698.9329; 976
1700.3918; 962
1701.8506; 956
1703.3092; 942
1704.7693; 989
1706.2255; 991
1707.6851; 975
1709.1426; 987
1710.5981; 1003
1712.0569; 981
1713.5137; 967
1714.9702; 978
1716.4265; 986
1717.8844; 987
1719.3384; 963
1720.7939; 979
1722.251; 978
1723.7043; 957
1725.1591; 994
1726.6155; 954
1728.0697; 969
1729.522; 932
1730.9777; 967
1732.4312; 959
1733.8827; 962
1735.3375; 962
1736.7904; 955
1738.2412; 993
1739.6953; 975
1741.1473; 991
1742.5974; 966
1744.0508; 985
1745.5022; 968
1746.9514; 929
1748.4041; 952
1749.8546; 966
1751.3032; 972
1752.7534; 986
1754.205; 971
1755.6528; 982
1757.1022; 960
1758.5513; 988
1760.0002; 961
1761.4489; 994
1762.8972; 958
1764.3453; 945
1765.7932; 971
1767.2408; 940
1768.6882; 985
1770.1337; 978
1771.5823; 955
1773.0289; 971
1774.4736; 952
1775.9198; 997
1777.3657; 990
1778.8114; 993
1780.2568; 956
1781.7019; 977
1783.1451; 972
1784.5898; 933
1786.0343; 974
1787.4802; 972
1788.9225; 965
1790.3661; 991
1791.8096; 997
1793.2511; 964
1794.6941; 977
1796.1367; 979
1797.5792; 965
1799.0215; 964
1800.4635; 977
1801.9034; 984
1803.345; 985
1804.7863; 970
1806.2273; 958
1807.6663; 975
1809.1068; 949
1810.5471; 982
1811.9872; 983
1813.427; 953
1814.8665; 997
1816.3041; 963
1817.7432; 963
1819.1819; 971
1820.6205; 986
1822.0571; 1004
1823.4952; 990
1824.933; 980
1826.3689; 972
1827.8063; 997
1829.2434; 975
1830.6785; 969
1832.1151; 973
1833.5515; 976
1834.9877; 998
1836.4218; 948
1837.8574; 982
1839.2928; 973
1840.7263; 974
1842.1611; 999
1843.5958; 977
1845.0286; 989
1846.4628; 977
1847.8967; 964
1849.3304; 942
1850.7622; 969
1852.1954; 966
1853.6284; 978
1855.0593; 992
1856.4901; 982
1857.9224; 966
1859.3544; 1005
1860.7844; 987
1862.2159; 972
1863.6472; 987
1865.0765; 984
1866.5073; 978
1867.938; 979
1869.3666; 948
1870.7948; 1002
1872.2247; 974
1873.6543; 956
1875.0819; 970
1876.511; 977
1877.9399; 979
1879.3668; 969
1880.7935; 972
1882.2216; 983
1883.6495; 966
1885.0754; 978
1886.5029; 959
1887.9283; 962
1889.3535; 995
1890.7803; 961
1892.2067; 967
1893.6329; 990
1895.0554; 951
1896.4812; 995
1897.9067; 967
1899.3302; 962
1900.7552; 950
1902.1783; 948
1903.6028; 954
1905.0254; 971
1906.4495; 971
1907.8716; 951
1909.2935; 981
1910.7168; 977
1912.1399; 984
1913.561; 969
1914.9818; 981
1916.4043; 956
1917.8247; 960
1919.2466; 976
1920.6665; 988
1922.0879; 977
1923.5073; 969
1924.9266; 968
1926.3473; 967
1927.766; 967
1929.1863; 1002
1930.6045; 993
1932.0226; 927
1933.442; 950
1934.8596; 950
1936.277; 973
1937.6957; 957
1939.1143; 962
1940.5292; 951
1941.9473; 971
1943.3633; 969
1944.781; 959
1946.1965; 945
1947.6119; 955
1949.0289; 981
1950.442; 980
1951.8585; 973
1953.2747; 935
1954.6888; 989
1956.1029; 975
1957.5166; 976
1958.9318; 962
1960.3451; 992
1961.7581; 958
1963.1726; 928
1964.5852; 974
1965.9974; 967
1967.4095; 970
1968.8231; 946
1970.2347; 975
1971.6461; 985
1973.0573; 971
1974.4698; 941
1975.8805; 977
1977.2909; 969
1978.701; 973
1980.1128; 954
1981.5225; 964
1982.9319; 971
1984.3412; 1014
1985.7518; 970
1987.1606; 956
1988.5692; 984
1989.9774; 977
1991.3872; 956
1992.7933; 973
1994.2009; 934
1995.61; 986
1997.0171; 959
1998.424; 954
1999.8306; 973
2001.2388; 982
2002.6449; 965
2004.0491; 964
2005.4565; 984
2006.8619; 967
2008.2689; 959
2009.6722; 965
2011.0769; 954
2012.4832; 982
2013.8875; 974
2015.2915; 967
2016.6953; 985
2018.0989; 948
2019.504; 954
2020.9054; 979
2022.3082; 988
2023.7126; 993
2025.115; 983
2026.5155; 984
2027.9191; 956
2029.3208; 954
2030.7223; 993
2032.1235; 947
2033.5245; 996
2034.9253; 989
2036.3258; 980
2037.7261; 974
2039.1262; 966
2040.526; 956
2041.9274; 980
2043.325; 978
2044.7241; 991
2046.1229; 965
2047.5233; 961
2048.9202; 933
2050.3184; 965
2051.7163; 981
2053.1157; 952
2054.5115; 970
2055.9087; 975
2057.3057; 961
2058.7026; 977
2060.0991; 999
2061.4954; 959
2062.8916; 954
2064.2874; 990
2065.6814; 956
2067.0784; 960
2068.4736; 951
2069.8684; 979
2071.2615; 983
2072.656; 983
2074.05; 994
2075.4458; 994
2076.8379; 954
2078.2314; 981
2079.6248; 969
2081.0178; 947
2082.4106; 975
2083.8015; 964
2085.1938; 955
2086.5879; 979
2087.9797; 942
2089.3696; 954
2090.7612; 968
2092.1523; 989
2093.5435; 959
2094.9324; 957
2096.323; 973
2097.7131; 949
2099.1033; 945
2100.4915; 981
2101.8809; 983
2103.272; 942
2104.6611; 979
2106.0483; 963
2107.437; 1003
2108.8254; 944
2110.2136; 1002
2111.6016; 964
2112.9878; 957
2114.3752; 987
2115.7625; 939
2117.1497; 979
2118.5347; 968
2119.9214; 973
2121.3076; 985
2122.6938; 978
2124.0779; 962
2125.4636; 956
2126.8491; 951
2128.2344; 974
2129.6194; 958
2131.0007; 983
2132.3853; 974
2133.7695; 988
2135.1536; 971
2136.5356; 955
2137.9192; 960
2139.3027; 988
2140.6858; 968
2142.0686; 971
2143.4497; 982
2144.832; 997
2146.2144; 967
2147.5947; 1015
2148.9746; 995
2150.3562; 961
2151.7375; 985
2153.1187; 980
2154.4995; 991
2155.8784; 1013
2157.2588; 975
2158.6372; 997
2160.0173; 984
2161.3953; 988
2162.7747; 991
2164.1541; 997
2165.533; 1004
2166.9102; 995
2168.2869; 984
2169.6653; 974
2171.0435; 1001
2172.4211; 1001
2173.7971; 984
2175.1729; 992
2176.55; 977
2177.927; 981
2179.3022; 974
2180.677; 1022
2182.0532; 1003
2183.4292; 999
2184.8035; 962
2186.179; 990
2187.5527; 965
2188.928; 1008
2190.301; 987
2191.6758; 974
2193.0503; 983
2194.4229; 997
2195.7952; 1000
2197.1689; 970
2198.5425; 1000
2199.9141; 1006
2201.2854; 1005
2202.6584; 1021
2204.0293; 980
2205.4016; 994
2206.7722; 1002
2208.1426; 985
2209.5142; 1006
2210.8857; 1003
2212.2554; 1017
2213.6248; 1017
2214.9956; 1001
2216.3645; 1010
2217.7349; 1016
2219.105; 1015
2220.4714; 1013
2221.8413; 994
2223.209; 989
2224.5784; 1035
2225.9473; 1049
2227.3127; 1002
2228.6814; 1019
2230.0479; 997
2231.416; 1007
2232.7839; 992
2234.1482; 1019
2235.5156; 1005
2236.8811; 991
2238.2483; 1015
2239.6133; 1006
2240.978; 1003
2242.3428; 995
2243.709; 1062
2245.073; 1017
2246.4387; 995
2247.8008; 1037
2249.166; 1008
2250.5293; 984
2251.894; 1024
2253.2568; 1020
2254.6194; 1004
2255.9817; 1005
2257.3457; 1018
2258.7075; 989
2260.0708; 1024
2261.4307; 1004
2262.7937; 994
2264.1548; 1035
2265.5171; 1002
2266.8777; 1042
2268.238; 983
2269.5984; 1019
2270.9583; 1046
2272.3196; 1010
2273.679; 1017
2275.04; 1033
2276.3972; 1026
2277.7561; 1007
2279.1165; 1003
2280.4746; 995
2281.8345; 1008
2283.1907; 1021
2284.5483; 1012
2285.9075; 1001
2287.2649; 985
2288.6218; 1020
2289.9785; 1032
2291.3352; 1027
2292.6931; 1002
2294.0493; 997
2295.4053; 972
2296.7625; 1053
2298.1162; 1005
2299.4714; 1019
2300.8267; 1010
2302.1831; 992
2303.5376; 1015
2304.8901; 1010
2306.2461; 971
2307.5999; 1023
2308.9536; 983
2310.3086; 1007
2311.6619; 992
2313.0132; 1000
2314.366; 990
2315.7202; 1009
2317.0725; 992
2318.4248; 1028
2319.7749; 1044
2321.1284; 1011
2322.4797; 991
2323.8311; 997
2325.1819; 1001
2326.5327; 1000
2327.8833; 989
2329.2336; 1016
2330.5837; 995
2331.9338; 1012
2333.2834; 997
2334.6345; 1014
2335.9822; 1010
2337.3311; 997
2338.6799; 993
2340.0286; 990
2341.377; 997
2342.7249; 983
2344.0728; 999
2345.4207; 1016
2346.7681; 1007
2348.1152; 999
2349.4624; 985
2350.8091; 1019
2352.1558; 1008
2353.502; 982
2354.8481; 970
2356.1941; 1012
2357.5398; 965
2358.8838; 995
2360.229; 1023
2361.574; 996
2362.9187; 1012
2364.2634; 975
2365.6079; 994
2366.9519; 1003
2368.2959; 988
2369.6396; 950
2370.9832; 972
2372.3264; 995
2373.6694; 998
2375.0107; 997
2376.3533; 1002
2377.6958; 972
2379.0378; 961
2380.3799; 976
2381.7217; 957
2383.0615; 990
2384.4028; 992
2385.7439; 983
2387.0847; 951
2388.4255; 945
2389.7659; 967
2391.106; 964
2392.4443; 1005
2393.7842; 974
2395.1221; 975
2396.4614; 964
2397.8005; 964
2399.1394; 971
2400.4766; 934
2401.8149; 969
2403.1533; 954
2404.4912; 971
2405.8291; 972
2407.1667; 994
2408.5024; 948
2409.8396; 961
2411.1748; 953
2412.5115; 946
2413.8481; 951
2415.1843; 945
2416.5205; 953
2417.8547; 981
2419.1902; 927
2420.5256; 934
2421.8591; 936
2423.1941; 953
2424.5291; 929
2425.8635; 950
2427.1963; 928
2428.5286; 887
2429.8625; 952
2431.1963; 920
2432.5298; 919
2433.8628; 891
2435.1943; 916
2436.5254; 937
2437.8582; 919
2439.1904; 912
2440.5225; 904
2441.8528; 929
2443.1846; 900
2444.5144; 904
2445.8457; 882
2447.175; 891
2448.5061; 878
2449.8367; 867
2451.167; 886
2452.4956; 904
2453.824; 871
2455.1538; 886
2456.4817; 866
2457.811; 862
2459.1401; 871
2460.469; 865
2461.7961; 868
2463.123; 860
2464.4512; 858
2465.7776; 857
2467.1055; 869
2468.4331; 837
2469.7588; 867
2471.0859; 854
2472.4128; 858
2473.7363; 871
2475.063; 846
2476.3877; 862
2477.7139; 853
2479.0396; 851
2480.3638; 845
2481.6892; 845
2483.0112; 862
2484.3362; 839
2485.6609; 858
2486.9839; 877
2488.3083; 866
2489.6309; 850
2490.9548; 885
2492.2769; 866
2493.5989; 898
2494.9221; 865
2496.2437; 888
2497.5664; 914
2498.8875; 890
2500.21; 921
2501.5305; 901
2502.8508; 898
2504.1711; 915
2505.4927; 908
2506.8125; 903
2508.1335; 926
2509.4529; 949
2510.7737; 909
2512.0925; 896
2513.4111; 914
2514.7297; 912
2516.0496; 947
2517.3677; 905
2518.687; 942
2520.0046; 924
2521.3237; 941
2522.6409; 966
2523.9578; 948
2525.2747; 952
2526.5913; 946
2527.9092; 910
2529.2253; 932
2530.5427; 948
2531.8584; 951
2533.1741; 955
2534.4893; 970
2535.8042; 967
2537.1208; 937
2538.4353; 954
2539.7498; 962
2541.0657; 933
2542.3796; 940
2543.6934; 986
2545.0085; 955
2546.3203; 988
2547.6335; 954
2548.948; 958
2550.2607; 965
2551.5732; 932
2552.8872; 950
2554.1992; 961
2555.5112; 962
2556.8245; 944
2558.1343; 955
2559.4456; 974
2560.7581; 978
2562.0688; 990
2563.3796; 972
2564.6899; 1006
2566.0017; 969
2567.3118; 962
2568.6213; 958
2569.9294; 975
2571.2402; 964
2572.5493; 982
2573.8584; 981
2575.167; 973
2576.4771; 970
2577.7854; 950
2579.0935; 996
2580.4014; 988
2581.7073; 957
2583.0164; 959
2584.3237; 973
2585.6306; 991
2586.9375; 975
2588.2439; 978
2589.552; 1003
2590.8582; 978
2592.1641; 992
2593.47; 996
2594.7739; 979
2596.0791; 975
2597.3843; 979
2598.6907; 987
2599.9954; 973
2601.3; 945
2602.6042; 943
2603.9082; 986
2605.2122; 976
2606.5159; 1017
2607.8176; 979
2609.1208; 983
2610.4255; 999
2611.7283; 987
2613.0308; 993
2614.3333; 981
2615.6355; 1000
2616.9373; 967
2618.239; 1006
2619.5408; 969
2620.8403; 995
2622.1416; 1042
2623.4424; 1004
2624.7432; 998
2626.0437; 1008
2627.344; 993
2628.644; 996
2629.9438; 1008
2631.2437; 1017
2632.543; 1035
2633.8408; 1000
2635.1396; 1014
2636.4385; 995
2637.7373; 999
2639.0356; 1042
2640.3337; 1027
2641.6318; 1027
2642.9297; 1044
2644.2271; 1045
2645.5247; 1032
2646.8218; 1055
2648.1169; 1066
2649.4138; 1074
2650.7087; 1051
2652.0051; 1082
2653.3013; 1072
2654.5972; 1099
2655.8928; 1126
2657.1882; 1148
2658.4836; 1124
2659.7786; 1140
2661.0735; 1173
2662.3667; 1145
2663.6594; 1200
2664.9539; 1208
2666.2478; 1234
2667.5415; 1298
2668.8352; 1271
2670.1287; 1306
2671.4202; 1353
2672.7134; 1352
2674.0061; 1367
2675.2986; 1411
2676.5911; 1430
2677.8833; 1466
2679.1736; 1435
2680.4639; 1483
2681.7554; 1461
2683.0466; 1481
2684.3362; 1483
2685.6272; 1476
2686.918; 1450
2688.2085; 1434
2689.4971; 1428
2690.7874; 1413
2692.0771; 1348
2693.3669; 1359
2694.6548; 1347
2695.9441; 1289
2697.2314; 1282
2698.5205; 1208
2699.8074; 1250
2701.0959; 1188
2702.3843; 1188
2703.6707; 1166
2704.9585; 1123
2706.2461; 1134
2707.5334; 1143
2708.8191; 1094
2710.1062; 1111
2711.3931; 1091
2712.678; 1086
2713.9629; 1100
2715.2476; 1088
2716.5334; 1065
2717.8191; 1098
2719.1033; 1072
2720.3887; 1081
2721.6738; 1061
2722.957; 1111
2724.2419; 1080
2725.5249; 1079
2726.8091; 1075
2728.0933; 1082
2729.3757; 1088
2730.6594; 1077
2731.9414; 1073
2733.2246; 1054
2734.5061; 1052
2735.7876; 1081
2737.0703; 1069
2738.3511; 1054
2739.6335; 1083
2740.9141; 1095
2742.1958; 1085
2743.4758; 1083
2744.7573; 1088
2746.0371; 1113
2747.3181; 1068
2748.5974; 1131
2749.8782; 1075
2751.157; 1100
2752.4373; 1095
2753.7158; 1094
2754.9939; 1072
2756.272; 1111
2757.5515; 1101
2758.8291; 1116
2760.1082; 1096
2761.3855; 1138
2762.6641; 1092
2763.9409; 1095
2765.2175; 1107
2766.4956; 1105
2767.7717; 1056
2769.0493; 1135
2770.3252; 1108
2771.6023; 1098
2772.8777; 1092
2774.1531; 1081
2775.4297; 1081
2776.7043; 1134
2777.9805; 1096
2779.2534; 1096
2780.5276; 1096
2781.8032; 1097
2783.0769; 1095
2784.3506; 1094
2785.6255; 1123
2786.8987; 1116
2788.1716; 1080
