
358.20773; 1790
359.91287; 1743
361.6156; 1698
363.3222; 1629
365.02432; 1559
366.72614; 1567
368.42969; 1571
370.13086; 1513
371.83588; 1574
373.53641; 1577
375.23871; 1539
376.93863; 1581
378.64032; 1544
380.34167; 1563
382.04065; 1624
383.74139; 1565
385.43973; 1626
387.13986; 1606
388.83963; 1596
390.53705; 1673
392.23621; 1766
393.93301; 1872
395.63153; 1947
397.32977; 1939
399.0256; 1950
400.72321; 1950
402.41843; 1972
404.11539; 1969
405.81; 1943
407.50635; 1927
409.20236; 1914
410.89603; 1879
412.59143; 1829
414.28445; 1760
415.97717; 1712
417.67166; 1706
419.36374; 1649
421.05759; 1641
422.75113; 1567
424.44437; 1565
426.13519; 1565
427.82574; 1486
429.51804; 1546
431.20795; 1522
432.8996; 1483
434.5889; 1504
436.27994; 1492
437.96863; 1521
439.65698; 1551
441.34708; 1546
443.03687; 1601
444.72635; 1607
446.41348; 1596
448.10028; 1680
449.78885; 1701
451.47504; 1807
453.16296; 1857
454.84854; 1896
456.53583; 2059
458.22079; 2279
459.90543; 2640
461.5918; 3353
463.27582; 4164
464.96158; 5119
466.64499; 5623
468.33014; 5531
470.01291; 4991
471.69537; 4421
473.37958; 3634
475.06143; 2975
476.74503; 2522
478.42627; 2249
480.10925; 2053
481.78986; 1963
483.47018; 1870
485.15018; 1795
486.82986; 1777
488.51129; 1674
490.19037; 1691
491.87119; 1605
493.54965; 1627
495.22781; 1585
496.90771; 1591
498.58524; 1580
500.2645; 1564
501.94144; 1550
503.62009; 1566
505.29639; 1553
506.97238; 1550
508.6481; 1539
510.32349; 1520
512.00061; 1543
513.67535; 1520
515.35187; 1500
517.026; 1532
518.69989; 1514
520.37341; 1500
522.04663; 1498
523.72162; 1471
525.39423; 1486
527.0686; 1450
528.7406; 1457
530.41437; 1463
532.08374; 1470
533.75482; 1505
535.42761; 1484
537.09814; 1486
538.77032; 1496
540.43817; 1497
542.10974; 1429
543.77905; 1462
545.45001; 1469
547.11865; 1488
548.78497; 1590
550.45502; 1599
552.1228; 1651
553.79224; 1620
555.45935; 1615
557.12616; 1583
558.79272; 1629
560.46094; 1594
562.12683; 1592
563.79041; 1557
565.45776; 1524
567.12274; 1547
568.78943; 1545
570.45178; 1590
572.11792; 1582
573.78168; 1601
575.44513; 1574
577.10834; 1483
578.77118; 1490
580.43579; 1421
582.09601; 1375
583.76001; 1402
585.42163; 1387
587.08301; 1389
588.74402; 1431
590.4068; 1390
592.06519; 1422
593.72534; 1397
595.38721; 1432
597.04675; 1369
598.70593; 1381
600.36487; 1347
602.0235; 1318
603.68182; 1306
605.34186; 1370
606.99756; 1324
608.65497; 1332
610.31409; 1325
611.96887; 1325
613.62738; 1269
615.28363; 1335
616.93951; 1307
618.59509; 1308
620.25043; 1330
621.9054; 1344
623.56213; 1326
625.21454; 1334
626.86859; 1356
628.5224; 1352
630.1759; 1309
631.83112; 1320
633.48199; 1292
635.1366; 1316
636.78687; 1340
638.44086; 1319
640.09052; 1298
641.7439; 1286
643.39301; 1319
645.04376; 1317
646.69629; 1344
648.34448; 1306
649.99634; 1314
651.64392; 1335
653.29523; 1310
654.9422; 1335
656.5929; 1313
658.23926; 1277
659.88934; 1290
661.53516; 1291
663.18463; 1322
664.82983; 1297
666.47675; 1314
668.12329; 1310
669.76959; 1336
671.41559; 1359
673.06128; 1389
674.70667; 1465
676.34979; 1531
677.99658; 1573
679.63904; 1640
681.28528; 1731
682.92719; 1744
684.57275; 1740
686.21405; 1668
687.85712; 1643
689.49982; 1547
691.1402; 1490
692.7843; 1470
694.42413; 1449
696.06763; 1395
697.70685; 1405
699.34979; 1400
700.9884; 1374
702.62872; 1347
704.2688; 1397
705.90851; 1344
707.54596; 1322
709.18707; 1348
710.82391; 1334
712.46246; 1326
714.10071; 1364
715.73669; 1325
717.37634; 1336
719.01166; 1338
720.64874; 1339
722.28552; 1341
723.922; 1386
725.55615; 1340
727.19403; 1368
728.82764; 1383
730.46289; 1378
732.0979; 1448
733.7326; 1484
735.36499; 1652
737.0011; 1836
738.63287; 2215
740.26642; 2703
741.89764; 3040
743.53052; 3035
745.16315; 2893
746.79352; 2497
748.42755; 2219
750.05725; 1831
751.68872; 1679
753.31787; 1541
754.95074; 1470
756.57928; 1428
758.20953; 1399
759.83752; 1380
761.46918; 1354
763.09662; 1353
764.72571; 1323
766.35248; 1358
767.98096; 1351
769.60919; 1349
771.23712; 1354
772.86273; 1354
774.49005; 1328
776.11707; 1371
777.74384; 1354
779.36829; 1351
780.99445; 1378
782.61829; 1373
784.24384; 1442
785.86914; 1393
787.49213; 1476
789.11682; 1458
790.7392; 1488
792.36328; 1495
793.98511; 1502
795.6106; 1540
797.23187; 1548
798.8548; 1536
800.4754; 1620
802.09778; 1623
803.71783; 1688
805.3396; 1703
806.95911; 1700
808.58221; 1658
810.20111; 1609
811.82172; 1550
813.44006; 1466
815.06006; 1450
816.6778; 1490
818.29718; 1366
819.91437; 1373
821.5332; 1372
823.14978; 1364
824.76801; 1368
826.38599; 1361
828.00366; 1347
829.61908; 1385
831.23615; 1340
832.85095; 1340
834.46747; 1332
836.08173; 1369
837.69763; 1326
839.31134; 1315
840.92664; 1325
842.53973; 1337
844.15454; 1323
845.76703; 1302
847.38123; 1300
848.9931; 1317
850.60675; 1274
852.21808; 1312
853.83112; 1287
855.44189; 1281
857.05432; 1276
858.66449; 1281
860.27637; 1303
861.88599; 1295
863.49725; 1319
865.10632; 1366
866.71698; 1342
868.32544; 1370
869.93365; 1415
871.54346; 1450
873.15106; 1440
874.75836; 1438
876.36731; 1461
877.97406; 1446
879.58246; 1451
881.1886; 1462
882.79639; 1504
884.40198; 1451
886.00922; 1482
887.6142; 1420
889.22089; 1381
890.82532; 1333
892.42944; 1362
894.03326; 1286
895.63879; 1314
897.24207; 1311
898.84698; 1243
900.44971; 1288
902.05408; 1261
903.65424; 1230
905.258; 1253
906.85956; 1233
908.46277; 1253
910.06378; 1203
911.66638; 1228
913.26483; 1243
914.86688; 1205
916.46674; 1250
918.06824; 1249
919.66748; 1227
921.26843; 1230
922.86511; 1245
924.46545; 1258
926.0636; 1234
927.66339; 1258
929.26093; 1272
930.85815; 1247
932.45514; 1242
934.05377; 1253
935.65015; 1263
937.24628; 1254
938.8421; 1242
940.43958; 1295
942.03485; 1270
943.62982; 1292
945.22449; 1278
946.8208; 1300
948.41492; 1293
950.00879; 1316
951.60229; 1304
953.19751; 1322
954.78857; 1334
956.38318; 1347
957.97559; 1314
959.56964; 1323
961.15955; 1290
962.75305; 1271
964.3443; 1268
965.9353; 1258
967.52795; 1252
969.11835; 1250
970.7085; 1239
972.29834; 1197
973.88983; 1247
975.47717; 1227
977.06812; 1225
978.65686; 1231
980.2453; 1237
981.83344; 1257
983.42322; 1229
985.00891; 1234
986.59814; 1243
988.18323; 1206
989.77185; 1273
991.35834; 1211
992.94452; 1255
994.5304; 1256
996.11597; 1307
997.70129; 1318
999.28827; 1302
1000.8711; 1326
1002.4575; 1329
1004.0417; 1297
1005.6256; 1290
1007.2092; 1336
1008.7926; 1325
1010.3776; 1328
1011.9584; 1309
1013.5428; 1299
1015.1232; 1309
1016.707; 1271
1018.2867; 1286
1019.8701; 1312
1021.4492; 1274
1023.032; 1256
1024.6106; 1275
1026.1927; 1303
1027.7708; 1295
1029.3524; 1245
1030.9298; 1245
1032.5109; 1213
1034.0897; 1285
1035.6683; 1240
1037.2466; 1217
1038.8246; 1226
1040.4023; 1235
1041.9797; 1216
1043.5569; 1245
1045.1338; 1235
1046.7104; 1177
1048.2867; 1190
1049.8628; 1191
1051.4386; 1165
1053.014; 1238
1054.5873; 1231
1056.1642; 1243
1057.7388; 1186
1059.3131; 1193
1060.8872; 1179
1062.4591; 1219
1064.0345; 1195
1065.606; 1253
1067.1808; 1279
1068.7516; 1278
1070.324; 1273
1071.8961; 1305
1073.4679; 1264
1075.0396; 1274
1076.6108; 1282
1078.1819; 1258
1079.7526; 1258
1081.323; 1261
1082.8912; 1228
1084.4631; 1213
1086.0308; 1198
1087.6002; 1195
1089.1692; 1193
1090.738; 1166
1092.3046; 1203
1093.8748; 1188
1095.4408; 1161
1097.0084; 1202
1098.5778; 1190
1100.1429; 1194
1101.7098; 1195
1103.2764; 1208
1104.8427; 1213
1106.4069; 1244
1107.9725; 1234
1109.538; 1235
1111.1031; 1203
1112.6661; 1245
1114.2308; 1257
1115.7971; 1257
1117.3593; 1241
1118.923; 1278
1120.4846; 1271
1122.0498; 1317
1123.6108; 1246
1125.1736; 1279
1126.734; 1289
1128.2981; 1337
1129.858; 1362
1131.4197; 1389
1132.981; 1483
1134.54; 1488
1136.1028; 1555
1137.6614; 1515
1139.2216; 1571
1140.7795; 1523
1142.3392; 1535
1143.8986; 1476
1145.4578; 1402
1147.0166; 1382
1148.5732; 1365
1150.1315; 1324
1151.6876; 1275
1153.2472; 1293
1154.8027; 1303
1156.36; 1308
1157.9149; 1301
1159.4716; 1352
1161.028; 1349
1162.5822; 1347
1164.1379; 1289
1165.6935; 1307
1167.2488; 1282
1168.8018; 1271
1170.3566; 1217
1171.9091; 1231
1173.4633; 1240
1175.0171; 1247
1176.5688; 1221
1178.1222; 1277
1179.6733; 1226
1181.2261; 1218
1182.7787; 1244
1184.3309; 1245
1185.881; 1218
1187.4326; 1219
1188.9841; 1258
1190.5333; 1271
1192.0842; 1219
1193.6329; 1264
1195.1832; 1255
1196.7314; 1321
1198.2813; 1229
1199.8289; 1238
1201.3781; 1217
1202.927; 1234
1204.4739; 1252
1206.0223; 1245
1207.5686; 1226
1209.1165; 1231
1210.6621; 1252
1212.2095; 1255
1213.7566; 1238
1215.3014; 1266
1216.848; 1273
1218.3923; 1233
1219.9384; 1256
1221.4822; 1316
1223.0276; 1256
1224.5708; 1235
1226.1138; 1290
1227.6584; 1300
1229.2009; 1298
1230.745; 1314
1232.2869; 1386
1233.8304; 1384
1235.3737; 1433
1236.9148; 1542
1238.4575; 1674
1239.998; 1791
1241.5383; 1920
1243.0784; 1938
1244.62; 1862
1246.1614; 1750
1247.7006; 1593
1249.2415; 1456
1250.7802; 1383
1252.3204; 1298
1253.8567; 1235
1255.3964; 1213
1256.9358; 1187
1258.4731; 1188
1260.0121; 1182
1261.5488; 1177
1263.0854; 1175
1264.6217; 1168
1266.1595; 1144
1267.6971; 1169
1269.2325; 1176
1270.7695; 1132
1272.3026; 1155
1273.8391; 1145
1275.3734; 1142
1276.9094; 1129
1278.4432; 1120
1279.9768; 1097
1281.512; 1131
1283.0449; 1136
1284.5796; 1123
1286.1121; 1129
1287.6443; 1134
1289.1781; 1139
1290.7098; 1137
1292.2412; 1126
1293.7723; 1160
1295.3051; 1156
1296.8357; 1173
1298.366; 1235
1299.8979; 1176
1301.4277; 1204
1302.9573; 1187
1304.4884; 1184
1306.0175; 1220
1307.5461; 1230
1309.0746; 1176
1310.6047; 1202
1312.1307; 1233
1313.6603; 1223
1315.1896; 1201
1316.7148; 1231
1318.2435; 1258
1319.7701; 1283
1321.2965; 1296
1322.8243; 1315
1324.3502; 1295
1325.8757; 1320
1327.401; 1311
1328.9279; 1340
1330.4525; 1370
1331.9771; 1364
1333.5012; 1359
1335.0251; 1376
1336.5507; 1323
1338.0721; 1349
1339.5972; 1298
1341.1201; 1290
1342.6427; 1304
1344.1669; 1276
1345.687; 1273
1347.2107; 1320
1348.7323; 1283
1350.2535; 1286
1351.7745; 1304
1353.2953; 1285
1354.8176; 1260
1356.3379; 1279
1357.8578; 1280
1359.3774; 1264
1360.8969; 1207
1362.416; 1253
1363.9368; 1199
1365.4535; 1165
1366.9738; 1188
1368.49; 1197
1370.0096; 1167
1371.5272; 1170
1373.0446; 1185
1374.5616; 1159
1376.0784; 1167
1377.5948; 1124
1379.1129; 1145
1380.6271; 1171
1382.1447; 1156
1383.6582; 1169
1385.1735; 1154
1386.6902; 1153
1388.203; 1140
1389.7192; 1136
1391.2316; 1142
1392.7473; 1183
1394.2609; 1156
1395.7743; 1155
1397.2874; 1197
1398.7983; 1185
1400.3127; 1195
1401.825; 1185
1403.337; 1214
1404.8488; 1175
1406.3584; 1174
1407.8715; 1169
1409.3824; 1192
1410.8932; 1179
1412.4037; 1141
1413.912; 1172
1415.4238; 1161
1416.9335; 1174
1418.441; 1208
1419.952; 1168
1421.459; 1164
1422.9677; 1163
1424.4778; 1180
1425.9841; 1164
1427.4919; 1198
1428.9995; 1189
1430.5068; 1208
1432.0138; 1223
1433.5206; 1252
1435.0271; 1258
1436.5334; 1288
1438.0376; 1268
1439.5452; 1333
1441.0488; 1312
1442.554; 1383
1444.0608; 1428
1445.5636; 1454
1447.0681; 1537
1448.5723; 1583
1450.0762; 1619
1451.5798; 1612
1453.0814; 1630
1454.5845; 1677
1456.0892; 1656
1457.59; 1652
1459.0923; 1639
1460.5925; 1603
1462.0944; 1580
1463.5978; 1587
1465.0973; 1524
1466.5984; 1530
1468.0991; 1501
1469.5978; 1465
1471.1; 1443
1472.5981; 1416
1474.0979; 1434
1475.5973; 1405
1477.0947; 1348
1478.5956; 1319
1480.0924; 1292
1481.5908; 1337
1483.0891; 1295
1484.5852; 1282
1486.0829; 1227
1487.5802; 1254
1489.0774; 1279
1490.5743; 1208
1492.0691; 1183
1493.5656; 1204
1495.0616; 1193
1496.5557; 1151
1498.0513; 1083
1499.5466; 1150
1501.0399; 1103
1502.5365; 1136
1504.0293; 1123
1505.5236; 1114
1507.0176; 1087
1508.5096; 1099
1510.0032; 1101
1511.4965; 1078
1512.9875; 1109
1514.4803; 1074
1515.9711; 1092
1517.4633; 1054
1518.9553; 1065
1520.4452; 1064
1521.9366; 1080
1523.4279; 1072
1524.917; 1067
1526.4077; 1062
1527.8982; 1076
1529.3866; 1071
1530.8765; 1089
1532.3644; 1080
1533.8538; 1079
1535.3429; 1080
1536.83; 1085
1538.3186; 1114
1539.807; 1053
1541.2933; 1057
1542.7813; 1107
1544.2688; 1056
1545.7544; 1084
1547.2415; 1106
1548.7266; 1112
1550.2131; 1080
1551.6995; 1089
1553.1837; 1095
1554.6696; 1102
1556.1552; 1073
1557.6387; 1055
1559.1219; 1073
1560.6067; 1071
1562.0895; 1061
1563.5737; 1072
1565.0559; 1111
1566.5398; 1120
1568.0233; 1087
1569.5048; 1079
1570.9878; 1093
1572.4688; 1074
1573.9493; 1051
1575.4316; 1092
1576.9136; 1097
1578.3936; 1080
1579.875; 1099
1581.3545; 1081
1582.8336; 1110
1584.3143; 1161
1585.793; 1130
1587.2732; 1141
1588.7532; 1188
1590.2292; 1223
1591.7087; 1261
1593.1879; 1329
1594.665; 1397
1596.1438; 1416
1597.6204; 1355
1599.0968; 1371
1600.5747; 1272
1602.0524; 1260
1603.528; 1173
1605.0033; 1133
1606.4784; 1127
1607.9551; 1100
1609.4315; 1079
1610.9041; 1130
1612.3799; 1070
1613.8556; 1072
1615.3274; 1063
1616.8025; 1074
1618.2773; 1073
1619.7502; 1089
1621.2228; 1099
1622.6969; 1058
1624.1689; 1078
1625.6407; 1057
1627.1141; 1070
1628.5854; 1048
1630.0565; 1060
1631.5292; 1090
1632.9998; 1045
1634.47; 1060
1635.9419; 1065
1637.4116; 1072
1638.8812; 1046
1640.3523; 1060
1641.8213; 1065
1643.2902; 1029
1644.7587; 1068
1646.2288; 1089
1647.6968; 1088
1649.1646; 1078
1650.6339; 1064
1652.1012; 1034
1653.5682; 1018
1655.035; 1040
1656.5034; 1062
1657.9679; 1048
1659.4357; 1059
1660.9032; 1050
1662.3669; 1070
1663.8341; 1074
1665.2991; 1047
1666.7639; 1043
1668.2284; 1061
1669.6945; 1064
1671.1584; 1064
1672.6222; 1043
1674.0875; 1012
1675.5491; 1050
1677.0139; 1050
1678.4767; 1027
1679.9392; 1063
1681.4015; 1049
1682.8652; 1081
1684.3252; 1045
1685.7886; 1064
1687.2498; 1053
1688.7108; 1071
1690.1716; 1039
1691.6339; 1046
1693.0924; 1046
1694.5542; 1049
1696.014; 1074
1697.4735; 1048
1698.9329; 1010
1700.3918; 1051
1701.8506; 1045
1703.3092; 1057
1704.7693; 1055
1706.2255; 1073
1707.6851; 1038
1709.1426; 1030
1710.5981; 1034
1712.0569; 1037
1713.5137; 1025
1714.9702; 1025
1716.4265; 1041
1717.8844; 1024
1719.3384; 1034
1720.7939; 1050
1722.251; 1056
1723.7043; 1050
1725.1591; 1025
1726.6155; 1036
1728.0697; 1035
1729.522; 1051
1730.9777; 1064
1732.4312; 1037
1733.8827; 1023
1735.3375; 1028
1736.7904; 1075
1738.2412; 1063
1739.6953; 1033
1741.1473; 1068
1742.5974; 1046
1744.0508; 1029
1745.5022; 1007
1746.9514; 1017
1748.4041; 1020
1749.8546; 1024
1751.3032; 1042
1752.7534; 1046
1754.205; 1066
1755.6528; 1067
1757.1022; 1053
1758.5513; 1049
1760.0002; 1040
1761.4489; 1051
1762.8972; 1044
1764.3453; 1049
1765.7932; 1041
1767.2408; 1026
1768.6882; 1051
1770.1337; 1026
1771.5823; 1027
1773.0289; 1027
1774.4736; 1020
1775.9198; 1023
1777.3657; 1044
1778.8114; 1043
1780.2568; 1041
1781.7019; 1033
1783.1451; 1044
1784.5898; 1063
1786.0343; 1047
1787.4802; 1041
1788.9225; 1017
1790.3661; 1046
1791.8096; 1052
1793.2511; 1042
1794.6941; 1046
1796.1367; 1012
1797.5792; 1032
1799.0215; 1036
1800.4635; 1017
1801.9034; 1005
1803.345; 1019
1804.7863; 1050
1806.2273; 1022
1807.6663; 1040
1809.1068; 1047
1810.5471; 1036
1811.9872; 1019
1813.427; 1007
1814.8665; 1048
1816.3041; 1019
1817.7432; 1043
1819.1819; 1048
1820.6205; 1029
1822.0571; 1047
1823.4952; 1034
1824.933; 1065
1826.3689; 1048
1827.8063; 1044
1829.2434; 1056
1830.6785; 1053
1832.1151; 1074
1833.5515; 1019
1834.9877; 1042
1836.4218; 1045
1837.8574; 1030
1839.2928; 1031
1840.7263; 1061
1842.1611; 1038
1843.5958; 1047
1845.0286; 1033
1846.4628; 1055
1847.8967; 1030
1849.3304; 1045
1850.7622; 1031
1852.1954; 1041
1853.6284; 1042
1855.0593; 1022
1856.4901; 1039
1857.9224; 1020
1859.3544; 1035
1860.7844; 1020
1862.2159; 1060
1863.6472; 1047
1865.0765; 1049
1866.5073; 1025
1867.938; 1027
1869.3666; 1064
1870.7948; 1017
1872.2247; 1014
1873.6543; 1026
1875.0819; 1026
1876.511; 1030
1877.9399; 1049
1879.3668; 1046
1880.7935; 1047
1882.2216; 1054
1883.6495; 1063
1885.0754; 1060
1886.5029; 1044
1887.9283; 1003
1889.3535; 1039
1890.7803; 1064
1892.2067; 1058
1893.6329; 1047
1895.0554; 1057
1896.4812; 1058
1897.9067; 1055
1899.3302; 1008
1900.7552; 1000
1902.1783; 1009
1903.6028; 1047
1905.0254; 1022
1906.4495; 1020
1907.8716; 1034
1909.2935; 1050
1910.7168; 1048
1912.1399; 1016
1913.561; 1041
1914.9818; 1021
1916.4043; 1055
1917.8247; 1030
1919.2466; 1044
1920.6665; 1023
1922.0879; 1054
1923.5073; 1032
1924.9266; 1032
1926.3473; 1057
1927.766; 1050
1929.1863; 1043
1930.6045; 1038
1932.0226; 1016
1933.442; 1027
1934.8596; 1029
1936.277; 1027
1937.6957; 1029
1939.1143; 1035
1940.5292; 1029
1941.9473; 1018
1943.3633; 1036
1944.781; 1029
1946.1965; 1033
1947.6119; 1045
1949.0289; 1024
1950.442; 1021
1951.8585; 1018
1953.2747; 1029
1954.6888; 1006
1956.1029; 1027
1957.5166; 1022
1958.9318; 981
1960.3451; 1043
1961.7581; 1028
1963.1726; 1016
1964.5852; 1049
1965.9974; 1007
1967.4095; 1033
1968.8231; 1001
1970.2347; 1044
1971.6461; 1049
1973.0573; 1026
1974.4698; 1016
1975.8805; 1009
1977.2909; 1036
1978.701; 1007
1980.1128; 1025
1981.5225; 1012
1982.9319; 1029
1984.3412; 1054
1985.7518; 992
1987.1606; 1012
1988.5692; 1022
1989.9774; 1039
1991.3872; 1037
1992.7933; 1016
1994.2009; 1011
1995.61; 1016
1997.0171; 1015
1998.424; 1035
1999.8306; 1010
2001.2388; 1037
2002.6449; 1009
2004.0491; 1025
2005.4565; 1001
2006.8619; 1026
2008.2689; 1017
2009.6722; 1015
2011.0769; 1001
2012.4832; 1031
2013.8875; 1044
2015.2915; 1041
2016.6953; 1026
2018.0989; 1047
2019.504; 1040
2020.9054; 1018
2022.3082; 1051
2023.7126; 1065
2025.115; 1014
2026.5155; 1024
2027.9191; 1052
2029.3208; 1032
2030.7223; 1050
2032.1235; 1030
2033.5245; 1065
2034.9253; 1052
2036.3258; 1032
2037.7261; 1059
2039.1262; 1004
2040.526; 1038
2041.9274; 1041
2043.325; 1034
2044.7241; 1040
2046.1229; 1030
2047.5233; 1044
2048.9202; 1017
2050.3184; 1026
2051.7163; 1062
2053.1157; 1040
2054.5115; 1017
2055.9087; 1022
2057.3057; 1029
2058.7026; 1008
2060.0991; 1061
2061.4954; 1029
2062.8916; 1042
2064.2874; 1034
2065.6814; 1016
2067.0784; 1028
2068.4736; 1046
2069.8684; 1025
2071.2615; 1038
2072.656; 1045
2074.05; 1036
2075.4458; 1008
2076.8379; 1025
2078.2314; 1038
2079.6248; 1047
2081.0178; 1046
2082.4106; 1031
2083.8015; 1047
2085.1938; 1026
2086.5879; 1017
2087.9797; 1028
2089.3696; 1045
2090.7612; 1027
2092.1523; 1044
2093.5435; 1053
2094.9324; 1039
2096.323; 1032
2097.7131; 1030
2099.1033; 1033
2100.4915; 1050
2101.8809; 1027
2103.272; 1045
2104.6611; 991
2106.0483; 1021
2107.437; 1044
2108.8254; 1045
2110.2136; 1016
2111.6016; 1014
2112.9878; 1058
2114.3752; 1021
2115.7625; 1025
2117.1497; 1023
2118.5347; 1020
2119.9214; 1045
2121.3076; 1035
2122.6938; 1051
2124.0779; 1038
2125.4636; 1039
2126.8491; 1038
2128.2344; 1062
2129.6194; 1029
2131.0007; 1032
2132.3853; 1034
2133.7695; 1040
2135.1536; 1039
2136.5356; 1034
2137.9192; 1029
2139.3027; 1033
2140.6858; 1049
2142.0686; 1035
2143.4497; 1068
2144.832; 1051
2146.2144; 1020
2147.5947; 1050
2148.9746; 1071
2150.3562; 1076
2151.7375; 1037
2153.1187; 1033
2154.4995; 1057
2155.8784; 1067
2157.2588; 1042
2158.6372; 1083
2160.0173; 1057
2161.3953; 1043
2162.7747; 1045
2164.1541; 1051
2165.533; 1047
2166.9102; 1019
2168.2869; 1085
2169.6653; 1053
2171.0435; 1073
2172.4211; 1036
2173.7971; 1077
2175.1729; 1060
2176.55; 1064
2177.927; 1047
2179.3022; 1037
2180.677; 1064
2182.0532; 1087
2183.4292; 1054
2184.8035; 1044
2186.179; 1042
2187.5527; 1035
2188.928; 1083
2190.301; 1066
2191.6758; 1045
2193.0503; 1064
2194.4229; 1057
2195.7952; 1073
2197.1689; 1055
2198.5425; 1066
2199.9141; 1055
2201.2854; 1072
2202.6584; 1075
2204.0293; 1075
2205.4016; 1043
2206.7722; 1052
2208.1426; 1069
2209.5142; 1093
2210.8857; 1059
2212.2554; 1065
2213.6248; 1077
2214.9956; 1089
2216.3645; 1083
2217.7349; 1066
2219.105; 1081
2220.4714; 1090
2221.8413; 1076
2223.209; 1046
2224.5784; 1098
2225.9473; 1084
2227.3127; 1094
2228.6814; 1051
2230.0479; 1071
2231.416; 1080
2232.7839; 1095
2234.1482; 1075
2235.5156; 1067
2236.8811; 1087
2238.2483; 1059
2239.6133; 1056
2240.978; 1091
2242.3428; 1072
2243.709; 1058
2245.073; 1069
2246.4387; 1085
2247.8008; 1084
2249.166; 1090
2250.5293; 1084
2251.894; 1091
2253.2568; 1086
2254.6194; 1080
2255.9817; 1095
2257.3457; 1072
2258.7075; 1072
2260.0708; 1054
2261.4307; 1070
2262.7937; 1069
2264.1548; 1099
2265.5171; 1044
2266.8777; 1079
2268.238; 1070
2269.5984; 1076
2270.9583; 1088
2272.3196; 1120
2273.679; 1067
2275.04; 1060
2276.3972; 1081
2277.7561; 1099
2279.1165; 1077
2280.4746; 1060
2281.8345; 1098
2283.1907; 1057
2284.5483; 1094
2285.9075; 1083
2287.2649; 1086
2288.6218; 1068
2289.9785; 1108
2291.3352; 1097
2292.6931; 1089
2294.0493; 1062
2295.4053; 1065
2296.7625; 1102
2298.1162; 1083
2299.4714; 1089
2300.8267; 1097
2302.1831; 1075
2303.5376; 1073
2304.8901; 1089
2306.2461; 1070
2307.5999; 1036
2308.9536; 1040
2310.3086; 1069
2311.6619; 1088
2313.0132; 1082
2314.366; 1078
2315.7202; 1069
2317.0725; 1080
2318.4248; 1075
2319.7749; 1080
2321.1284; 1083
2322.4797; 1065
2323.8311; 1077
2325.1819; 1078
2326.5327; 1091
2327.8833; 1055
2329.2336; 1059
2330.5837; 1087
2331.9338; 1059
2333.2834; 1048
2334.6345; 1069
2335.9822; 1060
2337.3311; 1037
2338.6799; 1068
2340.0286; 1052
2341.377; 1064
2342.7249; 1058
2344.0728; 1050
2345.4207; 1053
2346.7681; 1041
2348.1152; 1066
2349.4624; 1092
2350.8091; 1063
2352.1558; 1064
2353.502; 1057
2354.8481; 1045
2356.1941; 1066
2357.5398; 1037
2358.8838; 1056
2360.229; 1041
2361.574; 1065
2362.9187; 1075
2364.2634; 1079
2365.6079; 1044
2366.9519; 1063
2368.2959; 1042
2369.6396; 1063
2370.9832; 1029
2372.3264; 1050
2373.6694; 1079
2375.0107; 1081
2376.3533; 1063
2377.6958; 1027
2379.0378; 1053
2380.3799; 1019
2381.7217; 1039
2383.0615; 1036
2384.4028; 1059
2385.7439; 1039
2387.0847; 1054
2388.4255; 1077
2389.7659; 1059
2391.106; 1036
2392.4443; 1034
2393.7842; 1039
2395.1221; 1016
2396.4614; 1004
2397.8005; 1062
2399.1394; 1044
2400.4766; 1062
2401.8149; 1045
2403.1533; 1038
2404.4912; 1020
2405.8291; 1038
2407.1667; 1017
2408.5024; 1020
2409.8396; 1004
2411.1748; 1009
2412.5115; 1017
2413.8481; 1008
2415.1843; 1014
2416.5205; 1018
2417.8547; 1035
2419.1902; 992
2420.5256; 986
2421.8591; 1009
2423.1941; 996
2424.5291; 994
2425.8635; 1015
2427.1963; 967
2428.5286; 975
2429.8625; 983
2431.1963; 1011
2432.5298; 962
2433.8628; 971
2435.1943; 960
2436.5254; 954
2437.8582; 970
2439.1904; 960
2440.5225; 981
2441.8528; 969
2443.1846; 955
2444.5144; 951
2445.8457; 954
2447.175; 945
2448.5061; 950
2449.8367; 939
2451.167; 928
2452.4956; 943
2453.824; 948
2455.1538; 943
2456.4817; 935
2457.811; 917
2459.1401; 946
2460.469; 945
2461.7961; 951
2463.123; 917
2464.4512; 930
2465.7776; 918
2467.1055; 958
2468.4331; 920
2469.7588; 915
2471.0859; 905
2472.4128; 927
2473.7363; 933
2475.063; 910
2476.3877; 937
2477.7139; 903
2479.0396; 903
2480.3638; 911
2481.6892; 942
2483.0112; 901
2484.3362; 924
2485.6609; 917
2486.9839; 948
2488.3083; 935
2489.6309; 914
2490.9548; 948
2492.2769; 940
2493.5989; 937
2494.9221; 917
2496.2437; 942
2497.5664; 970
2498.8875; 950
2500.21; 1008
2501.5305; 977
2502.8508; 950
2504.1711; 970
2505.4927; 962
2506.8125; 982
2508.1335; 988
2509.4529; 1001
2510.7737; 981
2512.0925; 974
2513.4111; 997
2514.7297; 984
2516.0496; 1005
2517.3677; 984
2518.687; 981
2520.0046; 1012
2521.3237; 996
2522.6409; 1018
2523.9578; 1021
2525.2747; 993
2526.5913; 1019
2527.9092; 1024
2529.2253; 993
2530.5427; 1010
2531.8584; 1047
2533.1741; 1009
2534.4893; 1018
2535.8042; 1030
2537.1208; 1041
2538.4353; 1031
2539.7498; 1033
2541.0657; 1000
2542.3796; 1028
2543.6934; 1036
2545.0085; 1024
2546.3203; 1052
2547.6335; 1014
2548.948; 1042
2550.2607; 1051
2551.5732; 1019
2552.8872; 1042
2554.1992; 1060
2555.5112; 1027
2556.8245; 1007
2558.1343; 1046
2559.4456; 1019
2560.7581; 1030
2562.0688; 1016
2563.3796; 1016
2564.6899; 1026
2566.0017; 1047
2567.3118; 1018
2568.6213; 1047
2569.9294; 1045
2571.2402; 1032
2572.5493; 1033
2573.8584; 1043
2575.167; 1036
2576.4771; 999
2577.7854; 1008
2579.0935; 1015
2580.4014; 1011
2581.7073; 1003
2583.0164; 1053
2584.3237; 1017
2585.6306; 1060
2586.9375; 1032
2588.2439; 1033
2589.552; 1051
2590.8582; 1040
2592.1641; 1045
2593.47; 1017
2594.7739; 1030
2596.0791; 1049
2597.3843; 1056
2598.6907; 1054
2599.9954; 1022
2601.3; 1018
2602.6042; 1026
2603.9082; 1059
2605.2122; 1034
2606.5159; 1033
2607.8176; 1046
2609.1208; 1063
2610.4255; 1084
2611.7283; 1040
2613.0308; 1055
2614.3333; 1038
2615.6355; 1044
2616.9373; 1077
2618.239; 1039
2619.5408; 1051
2620.8403; 1031
2622.1416; 1104
2623.4424; 1062
2624.7432; 1069
2626.0437; 1087
2627.344; 1080
2628.644; 1066
2629.9438; 1046
2631.2437; 1050
2632.543; 1066
2633.8408; 1077
2635.1396; 1054
2636.4385; 1051
2637.7373; 1065
2639.0356; 1068
2640.3337; 1093
2641.6318; 1079
2642.9297; 1085
2644.2271; 1084
2645.5247; 1077
2646.8218; 1109
2648.1169; 1106
2649.4138; 1098
2650.7087; 1131
2652.0051; 1108
2653.3013; 1133
2654.5972; 1139
2655.8928; 1138
2657.1882; 1161
2658.4836; 1160
2659.7786; 1150
2661.0735; 1175
2662.3667; 1157
2663.6594; 1185
2664.9539; 1177
2666.2478; 1234
2667.5415; 1233
2668.8352; 1237
2670.1287; 1284
2671.4202; 1313
2672.7134; 1309
2674.0061; 1339
2675.2986; 1349
2676.5911; 1373
2677.8833; 1395
2679.1736; 1415
2680.4639; 1395
2681.7554; 1444
2683.0466; 1444
2684.3362; 1487
2685.6272; 1551
2686.918; 1553
2688.2085; 1538
2689.4971; 1525
2690.7874; 1522
2692.0771; 1521
2693.3669; 1502
2694.6548; 1513
2695.9441; 1430
2697.2314; 1448
2698.5205; 1378
2699.8074; 1383
2701.0959; 1347
2702.3843; 1311
2703.6707; 1276
2704.9585; 1286
2706.2461; 1256
2707.5334; 1255
2708.8191; 1235
2710.1062; 1208
2711.3931; 1211
2712.678; 1185
2713.9629; 1183
2715.2476; 1162
2716.5334; 1168
2717.8191; 1173
2719.1033; 1141
2720.3887; 1140
2721.6738; 1152
2722.957; 1163
2724.2419; 1170
2725.5249; 1191
2726.8091; 1145
2728.0933; 1172
2729.3757; 1136
2730.6594; 1102
2731.9414; 1138
2733.2246; 1152
2734.5061; 1138
2735.7876; 1132
2737.0703; 1150
2738.3511; 1151
2739.6335; 1137
2740.9141; 1134
2742.1958; 1143
2743.4758; 1152
2744.7573; 1165
2746.0371; 1154
2747.3181; 1170
2748.5974; 1212
2749.8782; 1163
2751.157; 1158
2752.4373; 1179
2753.7158; 1144
2754.9939; 1148
2756.272; 1163
2757.5515; 1181
2758.8291; 1202
2760.1082; 1155
2761.3855; 1166
2762.6641; 1170
2763.9409; 1155
2765.2175; 1179
2766.4956; 1179
2767.7717; 1169
2769.0493; 1187
2770.3252; 1170
2771.6023; 1175
2772.8777; 1151
2774.1531; 1145
2775.4297; 1181
2776.7043; 1209
2777.9805; 1147
2779.2534; 1162
2780.5276; 1162
2781.8032; 1140
2783.0769; 1156
2784.3506; 1151
2785.6255; 1148
2786.8987; 1132
2788.1716; 1139